0.014386147	0.036919939
0.075803612	0.085951346
0.186314102	0.135076347
0.345969181	0.1842407
0.554810938	0.233451446
0.812891284	0.282719844
1.120273835	0.332057878
1.47703433	0.381477785
1.883260826	0.430991959
2.33905385	0.480612942
2.844526543	0.530353428
3.399804827	0.580226284
4.005027582	0.630244559
4.660346836	0.68042151
5.365927986	0.730770618
6.121950031	0.78130561
6.928605829	0.832040481
7.786102378	0.882989517
8.694661114	0.934167317
9.654518244	0.985588824
10.66592509	1.037269342
11.72914849	1.089224574
12.84447118	1.141470644
14.01219225	1.194024131
15.2326276	1.2469021
16.50611047	1.300122141
17.83299195	1.353702401
19.21364158	1.407661625
20.64844797	1.462019199
22.13781945	1.516795194
23.68218476	1.572010415
25.28199387	1.627686447
26.93771873	1.683845719
28.64985415	1.740511554
30.41891877	1.797708238
32.245456	1.855461084
34.13003512	1.913796513
36.07325241	1.972742124
38.07573237	2.032326787
40.13812906	2.092580734
42.26112748	2.153535661
44.44544511	2.215224837
46.69183354	2.277683226
49.00108021	2.340947615
51.37401033	2.405056761
53.81148892	2.470051542
56.31442299	2.535975133
58.88376398	2.602873195
61.52051029	2.670794075
64.22571012	2.739789045
67.00046452	2.809912545
69.84593064	2.881222467
72.76332543	2.953780464
75.75392947	3.027652293
78.81909132	3.1029082
81.96023222	3.179623346
85.17885121	3.257878288
88.47653082	3.337759514
91.85494326	3.419360051
95.31585735	3.502780143
98.86114605	3.588128027
102.4927949	3.675520804
106.2129115	3.765085443
110.0237356	3.85695991
113.9276512	3.95129448
117.9271991	4.048253236
122.0250921	4.148015802
126.2242308	4.250779352
130.5277232	4.356760951
134.938905	4.466200291
139.4613646	4.579362913
144.09897	4.696544004
148.8559014	4.818072917
153.7366875	4.94431857
158.7462485	5.075695935
163.8899456	5.212673901
169.1736398	5.355784854
174.6037612	5.505636463
180.1873909	5.662926272
185.9323602	5.828459971
191.8473694	6.003174464
197.9421331	6.188167342
204.2275596	6.384734979
210.7159729	6.594422431
217.4213933	6.819089768
224.3598948	7.061001685
231.550068	7.322950834
239.0136298	7.608431094
246.776241	7.921886848
254.8686293	8.269081507
263.3281685	8.657659859
272.20117	9.098038895
281.5463283	9.604883557
291.4401336	10.19968887
301.9858553	10.91561752
313.329534	11.8073985
325.6912634	12.97413415
339.4351019	14.62158106
355.2613119	17.28473965
374.9841128	23.17155234