 -0.2222E+00  0.1667E-01 -0.2000E+01  7  7
   0.101993E+12  -0.103697E+12  -0.859631E+07   0.194444E+03   0.240517E+02   0.486420E+01   0.100000E+01
  -0.132447E+18   0.000000E+00  -0.490490E+12   0.000000E+00  -0.926746E+06   0.000000E+00   0.100000E+01
 -0.2221E+00  0.3333E-01 -0.2000E+01  6  5
   0.226142E+10  -0.233735E+10  -0.702519E+06   0.573320E+02   0.643567E+01   0.100000E+01
  -0.893774E+10   0.000000E+00  -0.132357E+06   0.000000E+00   0.100000E+01
 -0.2220E+00  0.4998E-01 -0.2000E+01  5  3
   0.978251E+08  -0.102768E+09  -0.667692E+05   0.113687E+02   0.100000E+01
   0.300278E+05   0.000000E+00   0.100000E+01
 -0.2218E+00  0.6661E-01 -0.1999E+01  4  3
   0.346134E+07  -0.369543E+07  -0.406826E+04   0.100000E+01
   0.169025E+05   0.000000E+00   0.100000E+01
 -0.2216E+00  0.8322E-01 -0.1999E+01  5  3
   0.146376E+08  -0.158797E+08  -0.260966E+05   0.116355E+02   0.100000E+01
   0.108273E+05   0.000000E+00   0.100000E+01
 -0.2214E+00  0.9981E-01 -0.1998E+01  5  5
   0.757157E+07  -0.834541E+07  -0.188960E+05   0.117754E+02   0.100000E+01
  -0.111065E+09   0.000000E+00  -0.147554E+05   0.000000E+00   0.100000E+01
 -0.2211E+00  0.1164E+00 -0.1997E+01  4  5
   0.432056E+06  -0.483747E+06  -0.143029E+04   0.100000E+01
  -0.601038E+08   0.000000E+00  -0.108549E+05   0.000000E+00   0.100000E+01
 -0.2207E+00  0.1329E+00 -0.1996E+01  5  5
   0.275832E+07  -0.313691E+07  -0.115912E+05   0.120676E+02   0.100000E+01
  -0.353328E+08   0.000000E+00  -0.832301E+04   0.000000E+00   0.100000E+01
 -0.2204E+00  0.1494E+00 -0.1996E+01  5  5
   0.184624E+07  -0.213230E+07  -0.957165E+04   0.122201E+02   0.100000E+01
  -0.221287E+08   0.000000E+00  -0.658696E+04   0.000000E+00   0.100000E+01
 -0.2200E+00  0.1658E+00 -0.1994E+01  4  5
   0.122091E+06  -0.143181E+06  -0.762318E+03   0.100000E+01
  -0.145691E+08   0.000000E+00  -0.534493E+04   0.000000E+00   0.100000E+01
 -0.2195E+00  0.1822E+00 -0.1993E+01  5  5
   0.952459E+06  -0.113404E+07  -0.701835E+04   0.125371E+02   0.100000E+01
  -0.998828E+07   0.000000E+00  -0.442580E+04   0.000000E+00   0.100000E+01
 -0.2191E+00  0.1986E+00 -0.1992E+01  5  5
   0.720826E+06  -0.871211E+06  -0.617467E+04   0.127017E+02   0.100000E+01
  -0.708067E+07   0.000000E+00  -0.372654E+04   0.000000E+00   0.100000E+01
 -0.2186E+00  0.2149E+00 -0.1991E+01  4  5
   0.500277E+05  -0.613673E+05  -0.492097E+03   0.100000E+01
  -0.516252E+07   0.000000E+00  -0.318217E+04   0.000000E+00   0.100000E+01
 -0.2181E+00  0.2311E+00 -0.1989E+01  5  5
   0.446881E+06  -0.556307E+06  -0.498018E+04   0.130428E+02   0.100000E+01
  -0.385524E+07   0.000000E+00  -0.275007E+04   0.000000E+00   0.100000E+01
 -0.2175E+00  0.2473E+00 -0.1988E+01  5  5
   0.363149E+06  -0.458695E+06  -0.454695E+04   0.132192E+02   0.100000E+01
  -0.293909E+07   0.000000E+00  -0.240133E+04   0.000000E+00   0.100000E+01
 -0.2170E+00  0.2635E+00 -0.1986E+01  4  5
   0.254361E+05  -0.325914E+05  -0.355415E+03   0.100000E+01
  -0.228137E+07   0.000000E+00  -0.211579E+04   0.000000E+00   0.100000E+01
 -0.2164E+00  0.2796E+00 -0.1984E+01  5  5
   0.251956E+06  -0.327476E+06  -0.388968E+04   0.135839E+02   0.100000E+01
  -0.179906E+07   0.000000E+00  -0.187901E+04   0.000000E+00   0.100000E+01
 -0.2158E+00  0.2956E+00 -0.1982E+01  5  5
   0.214313E+06  -0.282494E+06  -0.363740E+04   0.137721E+02   0.100000E+01
  -0.143874E+07   0.000000E+00  -0.168047E+04   0.000000E+00   0.100000E+01
 -0.2152E+00  0.3116E+00 -0.1981E+01  4  5
   0.148546E+05  -0.198527E+05  -0.276038E+03   0.100000E+01
  -0.116507E+07   0.000000E+00  -0.151235E+04   0.000000E+00   0.100000E+01
 -0.2146E+00  0.3275E+00 -0.1978E+01  5  5
   0.160433E+06  -0.217396E+06  -0.323840E+04   0.141599E+02   0.100000E+01
  -0.954104E+06   0.000000E+00  -0.136870E+04   0.000000E+00   0.100000E+01
 -0.2139E+00  0.3434E+00 -0.1976E+01  5  5
   0.140878E+06  -0.193507E+06  -0.307953E+04   0.143596E+02   0.100000E+01
  -0.789289E+06   0.000000E+00  -0.124499E+04   0.000000E+00   0.100000E+01
 -0.2133E+00  0.3592E+00 -0.1974E+01  6  5
   0.801848E+06  -0.111631E+07  -0.188987E+05   0.954807E+02   0.768990E+01   0.100000E+01
  -0.658965E+06   0.000000E+00  -0.113768E+04   0.000000E+00   0.100000E+01
 -0.2126E+00  0.3750E+00 -0.1972E+01  6  5
   0.724982E+06  -0.102277E+07  -0.183623E+05   0.980117E+02   0.776170E+01   0.100000E+01
  -0.554784E+06   0.000000E+00  -0.104398E+04   0.000000E+00   0.100000E+01
 -0.2120E+00  0.3907E+00 -0.1969E+01  5  5
   0.100100E+06  -0.143075E+06  -0.271628E+04   0.149815E+02   0.100000E+01
  -0.470662E+06   0.000000E+00  -0.961673E+03   0.000000E+00   0.100000E+01
 -0.2113E+00  0.4063E+00 -0.1967E+01  6  5
   0.604702E+06  -0.875596E+06  -0.175168E+05   0.103276E+03   0.790744E+01   0.100000E+01
  -0.402109E+06   0.000000E+00  -0.888975E+03   0.000000E+00   0.100000E+01
 -0.2106E+00  0.4219E+00 -0.1964E+01  6  5
   0.557233E+06  -0.817249E+06  -0.171883E+05   0.106012E+03   0.798136E+01   0.100000E+01
  -0.345772E+06   0.000000E+00  -0.824439E+03   0.000000E+00   0.100000E+01
 -0.2099E+00  0.4374E+00 -0.1962E+01  5  5
   0.753734E+05  -0.111945E+06  -0.247020E+04   0.156382E+02   0.100000E+01
  -0.299113E+06   0.000000E+00  -0.766883E+03   0.000000E+00   0.100000E+01
 -0.2093E+00  0.4528E+00 -0.1959E+01  6  5
   0.480504E+06  -0.722630E+06  -0.166815E+05   0.111697E+03   0.813126E+01   0.100000E+01
  -0.260186E+06   0.000000E+00  -0.715324E+03   0.000000E+00   0.100000E+01
 -0.2086E+00  0.4682E+00 -0.1956E+01  6  5
   0.449328E+06  -0.684132E+06  -0.164929E+05   0.114650E+03   0.820721E+01   0.100000E+01
  -0.227494E+06   0.000000E+00  -0.668955E+03   0.000000E+00   0.100000E+01
 -0.2079E+00  0.4836E+00 -0.1953E+01  5  5
   0.593843E+05  -0.915238E+05  -0.230044E+04   0.163298E+02   0.100000E+01
  -0.199865E+06   0.000000E+00  -0.627094E+03   0.000000E+00   0.100000E+01
 -0.2072E+00  0.4989E+00 -0.1950E+01  6  5
   0.397724E+06  -0.620403E+06  -0.162230E+05   0.120781E+03   0.836108E+01   0.100000E+01
  -0.176383E+06   0.000000E+00  -0.589177E+03   0.000000E+00   0.100000E+01
 -0.2065E+00  0.5141E+00 -0.1947E+01  6  5
   0.376274E+06  -0.593968E+06  -0.161354E+05   0.123963E+03   0.843898E+01   0.100000E+01
  -0.156312E+06   0.000000E+00  -0.554713E+03   0.000000E+00   0.100000E+01
 -0.2058E+00  0.5293E+00 -0.1944E+01  5  5
   0.484833E+05  -0.774357E+05  -0.218264E+04   0.170574E+02   0.100000E+01
  -0.139070E+06   0.000000E+00  -0.523295E+03   0.000000E+00   0.100000E+01
 -0.2051E+00  0.5444E+00 -0.1940E+01  6  5
   0.340108E+06  -0.549571E+06  -0.160416E+05   0.130569E+03   0.859669E+01   0.100000E+01
  -0.124188E+06   0.000000E+00  -0.494570E+03   0.000000E+00   0.100000E+01
 -0.2044E+00  0.5594E+00 -0.1937E+01  6  5
   0.324789E+06  -0.530865E+06  -0.160308E+05   0.133997E+03   0.867651E+01   0.100000E+01
  -0.111285E+06   0.000000E+00  -0.468237E+03   0.000000E+00   0.100000E+01
 -0.2037E+00  0.5744E+00 -0.1934E+01  5  5
   0.407538E+05  -0.673693E+05  -0.210249E+04   0.178217E+02   0.100000E+01
  -0.100050E+06   0.000000E+00  -0.444034E+03   0.000000E+00   0.100000E+01
 -0.2030E+00  0.5893E+00 -0.1930E+01  6  5
   0.298603E+06  -0.499183E+06  -0.160748E+05   0.141108E+03   0.883799E+01   0.100000E+01
  -0.902277E+05   0.000000E+00  -0.421737E+03   0.000000E+00   0.100000E+01
 -0.2023E+00  0.6042E+00 -0.1926E+01  6  5
   0.287385E+06  -0.485779E+06  -0.161271E+05   0.144796E+03   0.891965E+01   0.100000E+01
  -0.816080E+05   0.000000E+00  -0.401145E+03   0.000000E+00   0.100000E+01
 -0.2016E+00  0.6190E+00 -0.1923E+01  5  5
   0.350870E+05  -0.599590E+05  -0.205053E+04   0.186241E+02   0.100000E+01
  -0.740169E+05   0.000000E+00  -0.382090E+03   0.000000E+00   0.100000E+01
 -0.2009E+00  0.6338E+00 -0.1919E+01  6  5
   0.267975E+06  -0.462919E+06  -0.162859E+05   0.152448E+03   0.908484E+01   0.100000E+01
  -0.673087E+05   0.000000E+00  -0.364420E+03   0.000000E+00   0.100000E+01
 -0.2002E+00  0.6485E+00 -0.1915E+01  6  5
   0.259580E+06  -0.453232E+06  -0.163913E+05   0.156415E+03   0.916835E+01   0.100000E+01
  -0.613611E+05   0.000000E+00  -0.348002E+03   0.000000E+00   0.100000E+01
 -0.1995E+00  0.6632E+00 -0.1911E+01  5  5
   0.308230E+05  -0.543875E+05  -0.202066E+04   0.194660E+02   0.100000E+01
  -0.560720E+05   0.000000E+00  -0.332719E+03   0.000000E+00   0.100000E+01
 -0.1988E+00  0.6778E+00 -0.1907E+01  6  5
   0.244951E+06  -0.436762E+06  -0.166506E+05   0.164643E+03   0.933719E+01   0.100000E+01
  -0.513548E+05   0.000000E+00  -0.318468E+03   0.000000E+00   0.100000E+01
 -0.1981E+00  0.6924E+00 -0.1903E+01  6  5
   0.238578E+06  -0.429806E+06  -0.168035E+05   0.168909E+03   0.942253E+01   0.100000E+01
  -0.471357E+05   0.000000E+00  -0.305156E+03   0.000000E+00   0.100000E+01
 -0.1974E+00  0.7069E+00 -0.1899E+01  5  5
   0.275440E+05  -0.501288E+05  -0.200868E+04   0.203491E+02   0.100000E+01
  -0.433520E+05   0.000000E+00  -0.292701E+03   0.000000E+00   0.100000E+01
 -0.1967E+00  0.7213E+00 -0.1895E+01  6  5
   0.227434E+06  -0.418127E+06  -0.171544E+05   0.177753E+03   0.959500E+01   0.100000E+01
  -0.399503E+05   0.000000E+00  -0.281031E+03   0.000000E+00   0.100000E+01
 -0.1960E+00  0.7357E+00 -0.1890E+01  6  5
   0.222561E+06  -0.413267E+06  -0.173516E+05   0.182338E+03   0.968215E+01   0.100000E+01
  -0.368847E+05   0.000000E+00  -0.270081E+03   0.000000E+00   0.100000E+01
 -0.1953E+00  0.7501E+00 -0.1886E+01  5  5
   0.249783E+05  -0.468386E+05  -0.201172E+04   0.212753E+02   0.100000E+01
  -0.341155E+05   0.000000E+00  -0.259791E+03   0.000000E+00   0.100000E+01
 -0.1947E+00  0.7644E+00 -0.1882E+01  6  5
   0.214022E+06  -0.405274E+06  -0.177889E+05   0.191846E+03   0.985828E+01   0.100000E+01
  -0.316082E+05   0.000000E+00  -0.250107E+03   0.000000E+00   0.100000E+01
 -0.1940E+00  0.7786E+00 -0.1877E+01  6  5
   0.210291E+06  -0.402061E+06  -0.180287E+05   0.196775E+03   0.994727E+01   0.100000E+01
  -0.293335E+05   0.000000E+00  -0.240984E+03   0.000000E+00   0.100000E+01
 -0.1933E+00  0.7928E+00 -0.1872E+01  5  5
   0.229439E+05  -0.442861E+05  -0.202784E+04   0.222466E+02   0.100000E+01
  -0.272655E+05   0.000000E+00  -0.232377E+03   0.000000E+00   0.100000E+01
 -0.1927E+00  0.8070E+00 -0.1868E+01  6  5
   0.203769E+06  -0.397046E+06  -0.185508E+05   0.206993E+03   0.101271E+02   0.100000E+01
  -0.253817E+05   0.000000E+00  -0.224248E+03   0.000000E+00   0.100000E+01
 -0.1920E+00  0.8211E+00 -0.1863E+01  6  5
   0.200933E+06  -0.395187E+06  -0.188330E+05   0.212289E+03   0.102179E+02   0.100000E+01
  -0.236624E+05   0.000000E+00  -0.216561E+03   0.000000E+00   0.100000E+01
 -0.1913E+00  0.8351E+00 -0.1858E+01  5  5
   0.213125E+05  -0.423040E+05  -0.205562E+04   0.232656E+02   0.100000E+01
  -0.220905E+05   0.000000E+00  -0.209285E+03   0.000000E+00   0.100000E+01
 -0.1907E+00  0.8491E+00 -0.1853E+01  6  5
   0.196010E+06  -0.392643E+06  -0.194402E+05   0.223269E+03   0.104013E+02   0.100000E+01
  -0.206508E+05   0.000000E+00  -0.202390E+03   0.000000E+00   0.100000E+01
 -0.1900E+00  0.8631E+00 -0.1848E+01  6  5
   0.193890E+06  -0.391920E+06  -0.197655E+05   0.228961E+03   0.104940E+02   0.100000E+01
  -0.193299E+05   0.000000E+00  -0.195850E+03   0.000000E+00   0.100000E+01
 -0.1894E+00  0.8770E+00 -0.1843E+01  5  5
   0.199948E+05  -0.407780E+05  -0.209418E+04   0.243346E+02   0.100000E+01
  -0.181161E+05   0.000000E+00  -0.189639E+03   0.000000E+00   0.100000E+01
 -0.1887E+00  0.8909E+00 -0.1838E+01  6  5
   0.190265E+06  -0.391484E+06  -0.204600E+05   0.240763E+03   0.106811E+02   0.100000E+01
  -0.169990E+05   0.000000E+00  -0.183737E+03   0.000000E+00   0.100000E+01
 -0.1881E+00  0.9047E+00 -0.1833E+01  6  5
   0.188735E+06  -0.391746E+06  -0.208298E+05   0.246880E+03   0.107757E+02   0.100000E+01
  -0.159693E+05   0.000000E+00  -0.178122E+03   0.000000E+00   0.100000E+01
 -0.1875E+00  0.9185E+00 -0.1828E+01  5  5
   0.189259E+05  -0.396239E+05  -0.214293E+04   0.254566E+02   0.100000E+01
  -0.150188E+05   0.000000E+00  -0.172776E+03   0.000000E+00   0.100000E+01
 -0.1868E+00  0.9322E+00 -0.1823E+01  6  5
   0.186190E+06  -0.393180E+06  -0.216157E+05   0.259565E+03   0.109666E+02   0.100000E+01
  -0.141401E+05   0.000000E+00  -0.167681E+03   0.000000E+00   0.100000E+01
 -0.1862E+00  0.9459E+00 -0.1817E+01  6  5
   0.185158E+06  -0.394333E+06  -0.220324E+05   0.266139E+03   0.110630E+02   0.100000E+01
  -0.133267E+05   0.000000E+00  -0.162822E+03   0.000000E+00   0.100000E+01
 -0.1856E+00  0.9595E+00 -0.1812E+01  5  5
   0.180575E+05  -0.387799E+05  -0.220156E+04   0.266346E+02   0.100000E+01
  -0.125729E+05   0.000000E+00  -0.158185E+03   0.000000E+00   0.100000E+01
 -0.1849E+00  0.9731E+00 -0.1806E+01  6  5
   0.183537E+06  -0.397464E+06  -0.229149E+05   0.279775E+03   0.112577E+02   0.100000E+01
  -0.118732E+05   0.000000E+00  -0.153754E+03   0.000000E+00   0.100000E+01
 -0.1843E+00  0.9867E+00 -0.1801E+01  6  5
   0.182934E+06  -0.399431E+06  -0.233815E+05   0.286845E+03   0.113560E+02   0.100000E+01
  -0.112231E+05   0.000000E+00  -0.149519E+03   0.000000E+00   0.100000E+01
 -0.1837E+00  0.1000E+01 -0.1795E+01  5  5
   0.173542E+05  -0.382024E+05  -0.227000E+04   0.278715E+02   0.100000E+01
  -0.106182E+05   0.000000E+00  -0.145467E+03   0.000000E+00   0.100000E+01
 -0.1831E+00  0.1014E+01 -0.1790E+01  6  5
   0.182119E+06  -0.404168E+06  -0.243676E+05   0.301503E+03   0.115545E+02   0.100000E+01
  -0.100549E+05   0.000000E+00  -0.141588E+03   0.000000E+00   0.100000E+01
 -0.1825E+00  0.1027E+01 -0.1784E+01  6  7
   0.181894E+06  -0.406854E+06  -0.248877E+05   0.309121E+03   0.116549E+02   0.100000E+01
  -0.231226E+07   0.000000E+00  -0.334525E+05   0.000000E+00  -0.242641E+03   0.000000E+00   0.100000E+01
 -0.1819E+00  0.1040E+01 -0.1778E+01  5  7
   0.167881E+05  -0.378511E+05  -0.234826E+04   0.291721E+02   0.100000E+01
  -0.213686E+07   0.000000E+00  -0.317499E+05   0.000000E+00  -0.236402E+03   0.000000E+00   0.100000E+01
 -0.1813E+00  0.1054E+01 -0.1772E+01  6  7
   0.181801E+06  -0.413166E+06  -0.259856E+05   0.324872E+03   0.118572E+02   0.100000E+01
  -0.197716E+07   0.000000E+00  -0.301584E+05   0.000000E+00  -0.230416E+03   0.000000E+00   0.100000E+01
 -0.1807E+00  0.1067E+01 -0.1766E+01  6  7
   0.181924E+06  -0.416631E+06  -0.265641E+05   0.333060E+03   0.119595E+02   0.100000E+01
  -0.183166E+07   0.000000E+00  -0.286703E+05   0.000000E+00  -0.224675E+03   0.000000E+00   0.100000E+01
 -0.1801E+00  0.1080E+01 -0.1760E+01  5  7
   0.163392E+05  -0.377043E+05  -0.243662E+04   0.305398E+02   0.100000E+01
  -0.169880E+07   0.000000E+00  -0.272765E+05   0.000000E+00  -0.219161E+03   0.000000E+00   0.100000E+01
 -0.1795E+00  0.1094E+01 -0.1754E+01  6  7
   0.182492E+06  -0.424384E+06  -0.277834E+05   0.350025E+03   0.121660E+02   0.100000E+01
  -0.157724E+07   0.000000E+00  -0.259689E+05   0.000000E+00  -0.213858E+03   0.000000E+00   0.100000E+01
 -0.1790E+00  0.1107E+01 -0.1748E+01  6  7
   0.182936E+06  -0.428599E+06  -0.284255E+05   0.358838E+03   0.122703E+02   0.100000E+01
  -0.146606E+07   0.000000E+00  -0.247428E+05   0.000000E+00  -0.208763E+03   0.000000E+00   0.100000E+01
 -0.1784E+00  0.1120E+01 -0.1742E+01  5  7
   0.159915E+05  -0.377495E+05  -0.253552E+04   0.319776E+02   0.100000E+01
  -0.136407E+07   0.000000E+00  -0.235905E+05   0.000000E+00  -0.203858E+03   0.000000E+00   0.100000E+01
 -0.1778E+00  0.1133E+01 -0.1735E+01  6  7
   0.184121E+06  -0.437893E+06  -0.297777E+05   0.377085E+03   0.124807E+02   0.100000E+01
  -0.127048E+07   0.000000E+00  -0.225073E+05   0.000000E+00  -0.199137E+03   0.000000E+00   0.100000E+01
 -0.1772E+00  0.1146E+01 -0.1729E+01  6  7
   0.184865E+06  -0.442907E+06  -0.304894E+05   0.386557E+03   0.125869E+02   0.100000E+01
  -0.118451E+07   0.000000E+00  -0.214882E+05   0.000000E+00  -0.194590E+03   0.000000E+00   0.100000E+01
 -0.1767E+00  0.1159E+01 -0.1723E+01  5  7
   0.157324E+05  -0.379661E+05  -0.264541E+04   0.334918E+02   0.100000E+01
  -0.110542E+07   0.000000E+00  -0.205288E+05   0.000000E+00  -0.190210E+03   0.000000E+00   0.100000E+01
 -0.1761E+00  0.1172E+01 -0.1716E+01  6  7
   0.186654E+06  -0.453672E+06  -0.319881E+05   0.406236E+03   0.128017E+02   0.100000E+01
  -0.103261E+07   0.000000E+00  -0.196247E+05   0.000000E+00  -0.185988E+03   0.000000E+00   0.100000E+01
 -0.1756E+00  0.1185E+01 -0.1710E+01  6  7
   0.187688E+06  -0.459487E+06  -0.327765E+05   0.416432E+03   0.129099E+02   0.100000E+01
  -0.965434E+06   0.000000E+00  -0.187714E+05   0.000000E+00  -0.181913E+03   0.000000E+00   0.100000E+01
 -0.1750E+00  0.1198E+01 -0.1703E+01  5  7
   0.155529E+05  -0.383455E+05  -0.276699E+04   0.350875E+02   0.100000E+01
  -0.903451E+06   0.000000E+00  -0.179663E+05   0.000000E+00  -0.177982E+03   0.000000E+00   0.100000E+01
 -0.1744E+00  0.1211E+01 -0.1697E+01  6  7
   0.190060E+06  -0.471870E+06  -0.344366E+05   0.437628E+03   0.131288E+02   0.100000E+01
  -0.846197E+06   0.000000E+00  -0.172058E+05   0.000000E+00  -0.174188E+03   0.000000E+00   0.100000E+01
 -0.1739E+00  0.1224E+01 -0.1690E+01  6  7
   0.191385E+06  -0.478502E+06  -0.353099E+05   0.448616E+03   0.132392E+02   0.100000E+01
  -0.793216E+06   0.000000E+00  -0.164866E+05   0.000000E+00  -0.170521E+03   0.000000E+00   0.100000E+01
 -0.1734E+00  0.1237E+01 -0.1683E+01  5  7
   0.154458E+05  -0.388831E+05  -0.290106E+04   0.367704E+02   0.100000E+01
  -0.744184E+06   0.000000E+00  -0.158064E+05   0.000000E+00  -0.166979E+03   0.000000E+00   0.100000E+01
 -0.1728E+00  0.1249E+01 -0.1676E+01  6  7
   0.194332E+06  -0.492606E+06  -0.371486E+05   0.471445E+03   0.134623E+02   0.100000E+01
  -0.698725E+06   0.000000E+00  -0.151621E+05   0.000000E+00  -0.163553E+03   0.000000E+00   0.100000E+01
 -0.1723E+00  0.1262E+01 -0.1669E+01  6  7
   0.195955E+06  -0.500090E+06  -0.381164E+05   0.483305E+03   0.135749E+02   0.100000E+01
  -0.656573E+06   0.000000E+00  -0.145520E+05   0.000000E+00  -0.160241E+03   0.000000E+00   0.100000E+01
 -0.1718E+00  0.1275E+01 -0.1662E+01  5  7
   0.154057E+05  -0.395770E+05  -0.304862E+04   0.385466E+02   0.100000E+01
  -0.617453E+06   0.000000E+00  -0.139739E+05   0.000000E+00  -0.157038E+03   0.000000E+00   0.100000E+01
 -0.1712E+00  0.1287E+01 -0.1655E+01  6  7
   0.199492E+06  -0.515996E+06  -0.401541E+05   0.507928E+03   0.138024E+02   0.100000E+01
  -0.581057E+06   0.000000E+00  -0.134249E+05   0.000000E+00  -0.153934E+03   0.000000E+00   0.100000E+01
 -0.1707E+00  0.1300E+01 -0.1648E+01  6  7
   0.201426E+06  -0.524384E+06  -0.412277E+05   0.520745E+03   0.139174E+02   0.100000E+01
  -0.547247E+06   0.000000E+00  -0.129043E+05   0.000000E+00  -0.150932E+03   0.000000E+00   0.100000E+01
 -0.1702E+00  0.1313E+01 -0.1641E+01  5  7
   0.154279E+05  -0.404322E+05  -0.321073E+04   0.404207E+02   0.100000E+01
  -0.515738E+06   0.000000E+00  -0.124094E+05   0.000000E+00  -0.148021E+03   0.000000E+00   0.100000E+01
 -0.1697E+00  0.1325E+01 -0.1634E+01  6  7
   0.205568E+06  -0.542251E+06  -0.434868E+05   0.547306E+03   0.141492E+02   0.100000E+01
  -0.486396E+06   0.000000E+00  -0.119393E+05   0.000000E+00  -0.145202E+03   0.000000E+00   0.100000E+01
 -0.1692E+00  0.1338E+01 -0.1627E+01  6  7
   0.207814E+06  -0.551654E+06  -0.446779E+05   0.561142E+03   0.142664E+02   0.100000E+01
  -0.459050E+06   0.000000E+00  -0.114924E+05   0.000000E+00  -0.142470E+03   0.000000E+00   0.100000E+01
 -0.1686E+00  0.1350E+01 -0.1619E+01  5  7
   0.155113E+05  -0.414438E+05  -0.338878E+04   0.424037E+02   0.100000E+01
  -0.433502E+06   0.000000E+00  -0.110668E+05   0.000000E+00  -0.139818E+03   0.000000E+00   0.100000E+01
 -0.1681E+00  0.1363E+01 -0.1612E+01  6  7
   0.212595E+06  -0.571624E+06  -0.471856E+05   0.589834E+03   0.145028E+02   0.100000E+01
  -0.409656E+06   0.000000E+00  -0.106618E+05   0.000000E+00  -0.137247E+03   0.000000E+00   0.100000E+01
 -0.1676E+00  0.1375E+01 -0.1605E+01  6  7
   0.215156E+06  -0.582164E+06  -0.485069E+05   0.604751E+03   0.146222E+02   0.100000E+01
  -0.387365E+06   0.000000E+00  -0.102759E+05   0.000000E+00  -0.134752E+03   0.000000E+00   0.100000E+01
 -0.1671E+00  0.1388E+01 -0.1597E+01  5  7
   0.156536E+05  -0.426220E+05  -0.358425E+04   0.445015E+02   0.100000E+01
  -0.366509E+06   0.000000E+00  -0.990811E+04   0.000000E+00  -0.132329E+03   0.000000E+00   0.100000E+01
 -0.1666E+00  0.1400E+01 -0.1589E+01  6  7
   0.220629E+06  -0.604414E+06  -0.512943E+05   0.635790E+03   0.148634E+02   0.100000E+01
  -0.347000E+06   0.000000E+00  -0.955757E+04   0.000000E+00  -0.129978E+03   0.000000E+00   0.100000E+01
 -0.1662E+00  0.1412E+01 -0.1582E+01  6  7
   0.223526E+06  -0.616186E+06  -0.527622E+05   0.651897E+03   0.149850E+02   0.100000E+01
  -0.328708E+06   0.000000E+00  -0.922281E+04   0.000000E+00  -0.127692E+03   0.000000E+00   0.100000E+01
 -0.1657E+00  0.1425E+01 -0.1574E+01  5  7
   0.158551E+05  -0.439718E+05  -0.379893E+04   0.467248E+02   0.100000E+01
  -0.311573E+06   0.000000E+00  -0.890348E+04   0.000000E+00  -0.125472E+03   0.000000E+00   0.100000E+01
 -0.1652E+00  0.1437E+01 -0.1566E+01  6  7
   0.229731E+06  -0.640970E+06  -0.558636E+05   0.685480E+03   0.152310E+02   0.100000E+01
  -0.295499E+06   0.000000E+00  -0.859847E+04   0.000000E+00  -0.123315E+03   0.000000E+00   0.100000E+01
 -0.1647E+00  0.1449E+01 -0.1559E+01  6  7
   0.233022E+06  -0.654052E+06  -0.574995E+05   0.702943E+03   0.153551E+02   0.100000E+01
  -0.280408E+06   0.000000E+00  -0.830699E+04   0.000000E+00  -0.121217E+03   0.000000E+00   0.100000E+01
 -0.1642E+00  0.1461E+01 -0.1551E+01  5  7
   0.161147E+05  -0.455076E+05  -0.403472E+04   0.490807E+02   0.100000E+01
  -0.266222E+06   0.000000E+00  -0.802811E+04   0.000000E+00  -0.119175E+03   0.000000E+00   0.100000E+01
 -0.1637E+00  0.1474E+01 -0.1543E+01  6  7
   0.239977E+06  -0.681702E+06  -0.609512E+05   0.739239E+03   0.156057E+02   0.100000E+01
  -0.252899E+06   0.000000E+00  -0.776158E+04   0.000000E+00  -0.117190E+03   0.000000E+00   0.100000E+01
 -0.1633E+00  0.1486E+01 -0.1535E+01  6  7
   0.243678E+06  -0.696268E+06  -0.627749E+05   0.758152E+03   0.157323E+02   0.100000E+01
  -0.240369E+06   0.000000E+00  -0.750655E+04   0.000000E+00  -0.115258E+03   0.000000E+00   0.100000E+01
 -0.1628E+00  0.1498E+01 -0.1527E+01  5  7
   0.164364E+05  -0.472368E+05  -0.429415E+04   0.515844E+02   0.100000E+01
  -0.228577E+06   0.000000E+00  -0.726240E+04   0.000000E+00  -0.113378E+03   0.000000E+00   0.100000E+01
 -0.1623E+00  0.1510E+01 -0.1519E+01  6  7
   0.251520E+06  -0.727016E+06  -0.666302E+05   0.797546E+03   0.159881E+02   0.100000E+01
  -0.217473E+06   0.000000E+00  -0.702858E+04   0.000000E+00  -0.111548E+03   0.000000E+00   0.100000E+01
 -0.1619E+00  0.1522E+01 -0.1511E+01  6  7
   0.255643E+06  -0.743265E+06  -0.686641E+05   0.818008E+03   0.161170E+02   0.100000E+01
  -0.207002E+06   0.000000E+00  -0.680438E+04   0.000000E+00  -0.109764E+03   0.000000E+00   0.100000E+01
 -0.1614E+00  0.1534E+01 -0.1502E+01  5  7
   0.168205E+05  -0.491793E+05  -0.457972E+04   0.542452E+02   0.100000E+01
  -0.197140E+06   0.000000E+00  -0.658966E+04   0.000000E+00  -0.108028E+03   0.000000E+00   0.100000E+01
 -0.1610E+00  0.1546E+01 -0.1494E+01  6  7
   0.264416E+06  -0.777532E+06  -0.729720E+05   0.860719E+03   0.163777E+02   0.100000E+01
  -0.187830E+06   0.000000E+00  -0.638360E+04   0.000000E+00  -0.106335E+03   0.000000E+00   0.100000E+01
 -0.1605E+00  0.1558E+01 -0.1486E+01  6  7
   0.269046E+06  -0.795626E+06  -0.752492E+05   0.882952E+03   0.165093E+02   0.100000E+01
  -0.179044E+06   0.000000E+00  -0.618594E+04   0.000000E+00  -0.104685E+03   0.000000E+00   0.100000E+01
 -0.1601E+00  0.1570E+01 -0.1477E+01  5  7
   0.172694E+05  -0.513547E+05  -0.489443E+04   0.570755E+02   0.100000E+01
  -0.170748E+06   0.000000E+00  -0.599626E+04   0.000000E+00  -0.103077E+03   0.000000E+00   0.100000E+01
 -0.1596E+00  0.1582E+01 -0.1469E+01  6  7
   0.278861E+06  -0.833836E+06  -0.800739E+05   0.929337E+03   0.167753E+02   0.100000E+01
  -0.162910E+06   0.000000E+00  -0.581418E+04   0.000000E+00  -0.101509E+03   0.000000E+00   0.100000E+01
 -0.1592E+00  0.1594E+01 -0.1460E+01  6  7
   0.284063E+06  -0.854009E+06  -0.826300E+05   0.953537E+03   0.169096E+02   0.100000E+01
  -0.155501E+06   0.000000E+00  -0.563932E+04   0.000000E+00  -0.999796E+02   0.000000E+00   0.100000E+01
 -0.1587E+00  0.1606E+01 -0.1452E+01  5  7
   0.177909E+05  -0.537812E+05  -0.524218E+04   0.600953E+02   0.100000E+01
  -0.148489E+06   0.000000E+00  -0.547120E+04   0.000000E+00  -0.984869E+02   0.000000E+00   0.100000E+01
 -0.1583E+00  0.1618E+01 -0.1443E+01  6  7
   0.295020E+06  -0.896682E+06  -0.880421E+05   0.100394E+04   0.171808E+02   0.100000E+01
  -0.141855E+06   0.000000E+00  -0.530964E+04   0.000000E+00  -0.970307E+02   0.000000E+00   0.100000E+01
 -0.1579E+00  0.1629E+01 -0.1434E+01  6  7
   0.300830E+06  -0.919229E+06  -0.909130E+05   0.103025E+04   0.173178E+02   0.100000E+01
  -0.135574E+06   0.000000E+00  -0.515432E+04   0.000000E+00  -0.956097E+02   0.000000E+00   0.100000E+01
 -0.1574E+00  0.1641E+01 -0.1426E+01  5  7
   0.183874E+05  -0.564891E+05  -0.562683E+04   0.633177E+02   0.100000E+01
  -0.129621E+06   0.000000E+00  -0.500483E+04   0.000000E+00  -0.942217E+02   0.000000E+00   0.100000E+01
 -0.1570E+00  0.1653E+01 -0.1417E+01  6  7
   0.313080E+06  -0.966950E+06  -0.969995E+05   0.108511E+04   0.175943E+02   0.100000E+01
  -0.123981E+06   0.000000E+00  -0.486102E+04   0.000000E+00  -0.928667E+02   0.000000E+00   0.100000E+01
 -0.1566E+00  0.1665E+01 -0.1408E+01  6  7
   0.319583E+06  -0.992185E+06  -0.100233E+06   0.111378E+04   0.177341E+02   0.100000E+01
  -0.118634E+06   0.000000E+00  -0.472263E+04   0.000000E+00  -0.915438E+02   0.000000E+00   0.100000E+01
 -0.1561E+00  0.1676E+01 -0.1399E+01  5  7
   0.190670E+05  -0.595087E+05  -0.605336E+04   0.667639E+02   0.100000E+01
  -0.113558E+06   0.000000E+00  -0.458931E+04   0.000000E+00  -0.902508E+02   0.000000E+00   0.100000E+01
 -0.1557E+00  0.1688E+01 -0.1390E+01  6  7
   0.333255E+06  -0.104566E+07  -0.107090E+06   0.117352E+04   0.180159E+02   0.100000E+01
  -0.108739E+06   0.000000E+00  -0.446082E+04   0.000000E+00  -0.889867E+02   0.000000E+00   0.100000E+01
 -0.1553E+00  0.1700E+01 -0.1381E+01  6  7
   0.340550E+06  -0.107396E+07  -0.110741E+06   0.120482E+04   0.181586E+02   0.100000E+01
  -0.104168E+06   0.000000E+00  -0.433716E+04   0.000000E+00  -0.877529E+02   0.000000E+00   0.100000E+01
 -0.1549E+00  0.1711E+01 -0.1372E+01  5  7
   0.198368E+05  -0.628778E+05  -0.652729E+04   0.704540E+02   0.100000E+01
  -0.998237E+05   0.000000E+00  -0.421791E+04   0.000000E+00  -0.865463E+02   0.000000E+00   0.100000E+01
 -0.1545E+00  0.1723E+01 -0.1363E+01  6  7
   0.355910E+06  -0.113399E+07  -0.118497E+06   0.127009E+04   0.184463E+02   0.100000E+01
  -0.956931E+05   0.000000E+00  -0.410289E+04   0.000000E+00  -0.853661E+02   0.000000E+00   0.100000E+01
 -0.1541E+00  0.1735E+01 -0.1353E+01  6  7
   0.364058E+06  -0.116582E+07  -0.122625E+06   0.130423E+04   0.185916E+02   0.100000E+01
  -0.917675E+05   0.000000E+00  -0.399199E+04   0.000000E+00  -0.842126E+02   0.000000E+00   0.100000E+01
 -0.1537E+00  0.1746E+01 -0.1344E+01  5  7
   0.207047E+05  -0.666408E+05  -0.705501E+04   0.744103E+02   0.100000E+01
  -0.880317E+05   0.000000E+00  -0.388495E+04   0.000000E+00  -0.830839E+02   0.000000E+00   0.100000E+01
 -0.1533E+00  0.1758E+01 -0.1335E+01  6  7
   0.381305E+06  -0.123339E+07  -0.131417E+06   0.137561E+04   0.188851E+02   0.100000E+01
  -0.844787E+05   0.000000E+00  -0.378170E+04   0.000000E+00  -0.819802E+02   0.000000E+00   0.100000E+01
 -0.1529E+00  0.1769E+01 -0.1325E+01  6  7
   0.390434E+06  -0.126926E+07  -0.136099E+06   0.141293E+04   0.190333E+02   0.100000E+01
  -0.810947E+05   0.000000E+00  -0.368199E+04   0.000000E+00  -0.809000E+02   0.000000E+00   0.100000E+01
 -0.1525E+00  0.1781E+01 -0.1316E+01  5  7
   0.216873E+05  -0.708477E+05  -0.764496E+04   0.786671E+02   0.100000E+01
  -0.778736E+05   0.000000E+00  -0.358575E+04   0.000000E+00  -0.798435E+02   0.000000E+00   0.100000E+01
 -0.1521E+00  0.1792E+01 -0.1306E+01  6  7
   0.409862E+06  -0.134553E+07  -0.146097E+06   0.149114E+04   0.193328E+02   0.100000E+01
  -0.748036E+05   0.000000E+00  -0.349276E+04   0.000000E+00  -0.788090E+02   0.000000E+00   0.100000E+01
 -0.1517E+00  0.1804E+01 -0.1296E+01  6  7
   0.420131E+06  -0.138607E+07  -0.151425E+06   0.153203E+04   0.194840E+02   0.100000E+01
  -0.718766E+05   0.000000E+00  -0.340288E+04   0.000000E+00  -0.777959E+02   0.000000E+00   0.100000E+01
 -0.1513E+00  0.1815E+01 -0.1287E+01  5  7
   0.227937E+05  -0.755621E+05  -0.830574E+04   0.832495E+02   0.100000E+01
  -0.690872E+05   0.000000E+00  -0.331606E+04   0.000000E+00  -0.768046E+02   0.000000E+00   0.100000E+01
 -0.1509E+00  0.1827E+01 -0.1277E+01  6  7
   0.442018E+06  -0.147241E+07  -0.162825E+06   0.161782E+04   0.197895E+02   0.100000E+01
  -0.664257E+05   0.000000E+00  -0.323210E+04   0.000000E+00  -0.758336E+02   0.000000E+00   0.100000E+01
 -0.1505E+00  0.1838E+01 -0.1267E+01  6  7
   0.453692E+06  -0.151840E+07  -0.168926E+06   0.166284E+04   0.199440E+02   0.100000E+01
  -0.638877E+05   0.000000E+00  -0.315096E+04   0.000000E+00  -0.748830E+02   0.000000E+00   0.100000E+01
 -0.1501E+00  0.1849E+01 -0.1257E+01  5  7
   0.240423E+05  -0.808566E+05  -0.904852E+04   0.881959E+02   0.100000E+01
  -0.614623E+05   0.000000E+00  -0.307239E+04   0.000000E+00  -0.739508E+02   0.000000E+00   0.100000E+01
 -0.1497E+00  0.1861E+01 -0.1248E+01  6  7
   0.478374E+06  -0.161645E+07  -0.181958E+06   0.175705E+04   0.202554E+02   0.100000E+01
  -0.591477E+05   0.000000E+00  -0.299642E+04   0.000000E+00  -0.730380E+02   0.000000E+00   0.100000E+01
 -0.1494E+00  0.1872E+01 -0.1238E+01  6  7
   0.491610E+06  -0.166879E+07  -0.188954E+06   0.180661E+04   0.204131E+02   0.100000E+01
  -0.569382E+05   0.000000E+00  -0.292294E+04   0.000000E+00  -0.721442E+02   0.000000E+00   0.100000E+01
 -0.1490E+00  0.1883E+01 -0.1227E+01  5  7
   0.254549E+05  -0.868200E+05  -0.988686E+04   0.935505E+02   0.100000E+01
  -0.548244E+05   0.000000E+00  -0.285174E+04   0.000000E+00  -0.712671E+02   0.000000E+00   0.100000E+01
 -0.1486E+00  0.1894E+01 -0.1217E+01  6  7
   0.519657E+06  -0.178059E+07  -0.203931E+06   0.191047E+04   0.207310E+02   0.100000E+01
  -0.528053E+05   0.000000E+00  -0.278284E+04   0.000000E+00  -0.704080E+02   0.000000E+00   0.100000E+01
 -0.1482E+00  0.1906E+01 -0.1207E+01  6  7
   0.534631E+06  -0.184034E+07  -0.211968E+06   0.196504E+04   0.208917E+02   0.100000E+01
  -0.508743E+05   0.000000E+00  -0.271610E+04   0.000000E+00  -0.695657E+02   0.000000E+00   0.100000E+01
 -0.1479E+00  0.1917E+01 -0.1197E+01  5  7
   0.270541E+05  -0.935582E+05  -0.108363E+05   0.993587E+02   0.100000E+01
  -0.490268E+05   0.000000E+00  -0.265144E+04   0.000000E+00  -0.687395E+02   0.000000E+00   0.100000E+01
 -0.1475E+00  0.1928E+01 -0.1187E+01  6  7
   0.566543E+06  -0.196827E+07  -0.229234E+06   0.207968E+04   0.212160E+02   0.100000E+01
  -0.472588E+05   0.000000E+00  -0.258877E+04   0.000000E+00  -0.679292E+02   0.000000E+00   0.100000E+01
 -0.1471E+00  0.1939E+01 -0.1176E+01  6  7
   0.583678E+06  -0.203684E+07  -0.238533E+06   0.214009E+04   0.213801E+02   0.100000E+01
  -0.455678E+05   0.000000E+00  -0.252808E+04   0.000000E+00  -0.671351E+02   0.000000E+00   0.100000E+01
 -0.1468E+00  0.1950E+01 -0.1166E+01  5  7
   0.288661E+05  -0.101199E+06  -0.119155E+05   0.105672E+03   0.100000E+01
  -0.439470E+05   0.000000E+00  -0.246919E+04   0.000000E+00  -0.663552E+02   0.000000E+00   0.100000E+01
 -0.1464E+00  0.1962E+01 -0.1155E+01  6  7
   0.620179E+06  -0.218389E+07  -0.258531E+06   0.226703E+04   0.217111E+02   0.100000E+01
  -0.423960E+05   0.000000E+00  -0.241213E+04   0.000000E+00  -0.655908E+02   0.000000E+00   0.100000E+01
 -0.1461E+00  0.1973E+01 -0.1145E+01  6  7
   0.639758E+06  -0.226286E+07  -0.269315E+06   0.233393E+04   0.218784E+02   0.100000E+01
  -0.409098E+05   0.000000E+00  -0.235678E+04   0.000000E+00  -0.648406E+02   0.000000E+00   0.100000E+01
 -0.1457E+00  0.1984E+01 -0.1134E+01  5  7
   0.309344E+05  -0.109901E+06  -0.131493E+05   0.112567E+03   0.100000E+01
  -0.394855E+05   0.000000E+00  -0.230309E+04   0.000000E+00  -0.641043E+02   0.000000E+00   0.100000E+01
 -0.1453E+00  0.1995E+01 -0.1124E+01  6  7
   0.681736E+06  -0.243273E+07  -0.292596E+06   0.247492E+04   0.222163E+02   0.100000E+01
  -0.381199E+05   0.000000E+00  -0.225098E+04   0.000000E+00  -0.633815E+02   0.000000E+00   0.100000E+01
 -0.1450E+00  0.2006E+01 -0.1113E+01  6  7
   0.704247E+06  -0.252413E+07  -0.305169E+06   0.254925E+04   0.223869E+02   0.100000E+01
  -0.368104E+05   0.000000E+00  -0.220041E+04   0.000000E+00  -0.626721E+02   0.000000E+00   0.100000E+01
 -0.1446E+00  0.2017E+01 -0.1102E+01  5  7
   0.332940E+05  -0.119855E+06  -0.145651E+05   0.120107E+03   0.100000E+01
  -0.355542E+05   0.000000E+00  -0.215132E+04   0.000000E+00  -0.619755E+02   0.000000E+00   0.100000E+01
 -0.1443E+00  0.2028E+01 -0.1091E+01  6  7
   0.752810E+06  -0.272141E+07  -0.332423E+06   0.270641E+04   0.227320E+02   0.100000E+01
  -0.343501E+05   0.000000E+00  -0.210371E+04   0.000000E+00  -0.612921E+02   0.000000E+00   0.100000E+01
 -0.1439E+00  0.2039E+01 -0.1080E+01  6  7
   0.778852E+06  -0.282780E+07  -0.347164E+06   0.278929E+04   0.229061E+02   0.100000E+01
  -0.331933E+05   0.000000E+00  -0.205742E+04   0.000000E+00  -0.606204E+02   0.000000E+00   0.100000E+01
 -0.1436E+00  0.2050E+01 -0.1069E+01  5  7
   0.360085E+05  -0.131303E+06  -0.162006E+05   0.128395E+03   0.100000E+01
  -0.320827E+05   0.000000E+00  -0.201246E+04   0.000000E+00  -0.599607E+02   0.000000E+00   0.100000E+01
 -0.1433E+00  0.2061E+01 -0.1058E+01  6  7
   0.835025E+06  -0.305795E+07  -0.379176E+06   0.296461E+04   0.232580E+02   0.100000E+01
  -0.310163E+05   0.000000E+00  -0.196878E+04   0.000000E+00  -0.593127E+02   0.000000E+00   0.100000E+01
 -0.1429E+00  0.2072E+01 -0.1047E+01  6  7
   0.865344E+06  -0.318252E+07  -0.396566E+06   0.305738E+04   0.234357E+02   0.100000E+01
  -0.299920E+05   0.000000E+00  -0.192635E+04   0.000000E+00  -0.586761E+02   0.000000E+00   0.100000E+01
 -0.1426E+00  0.2083E+01 -0.1036E+01  5  7
   0.391344E+05  -0.144536E+06  -0.180983E+05   0.137525E+03   0.100000E+01
  -0.290079E+05   0.000000E+00  -0.188510E+04   0.000000E+00  -0.580507E+02   0.000000E+00   0.100000E+01
 -0.1423E+00  0.2094E+01 -0.1025E+01  6  7
   0.930989E+06  -0.345290E+07  -0.434455E+06   0.325404E+04   0.237949E+02   0.100000E+01
  -0.280622E+05   0.000000E+00  -0.184501E+04   0.000000E+00  -0.574362E+02   0.000000E+00   0.100000E+01
 -0.1419E+00  0.2104E+01 -0.1013E+01  6  7
   0.966546E+06  -0.359975E+07  -0.455110E+06   0.335832E+04   0.239763E+02   0.100000E+01
  -0.271531E+05   0.000000E+00  -0.180604E+04   0.000000E+00  -0.568324E+02   0.000000E+00   0.100000E+01
 -0.1416E+00  0.2115E+01 -0.1002E+01  5  7
   0.427680E+05  -0.159940E+06  -0.203175E+05   0.147640E+03   0.100000E+01
  -0.262791E+05   0.000000E+00  -0.176814E+04   0.000000E+00  -0.562389E+02   0.000000E+00   0.100000E+01
 -0.1413E+00  0.2126E+01 -0.9904E+00  6  7
   0.104384E+07  -0.391967E+07  -0.500282E+06   0.357991E+04   0.243431E+02   0.100000E+01
  -0.254385E+05   0.000000E+00  -0.173128E+04   0.000000E+00  -0.556556E+02   0.000000E+00   0.100000E+01
 -0.1409E+00  0.2137E+01 -0.9789E+00  6  7
   0.108589E+07  -0.409408E+07  -0.525001E+06   0.369770E+04   0.245285E+02   0.100000E+01
  -0.246300E+05   0.000000E+00  -0.169543E+04   0.000000E+00  -0.550822E+02   0.000000E+00   0.100000E+01
 -0.1406E+00  0.2148E+01 -0.9673E+00  5  7
   0.470134E+05  -0.177992E+06  -0.229300E+05   0.158892E+03   0.100000E+01
  -0.238512E+05   0.000000E+00  -0.166052E+04   0.000000E+00  -0.545181E+02   0.000000E+00   0.100000E+01
 -0.1403E+00  0.2159E+01 -0.9557E+00  6  7
   0.117710E+07  -0.447490E+07  -0.579126E+06   0.394787E+04   0.249024E+02   0.100000E+01
  -0.231018E+05   0.000000E+00  -0.162655E+04   0.000000E+00  -0.539634E+02   0.000000E+00   0.100000E+01
 -0.1400E+00  0.2169E+01 -0.9440E+00  6  7
   0.122724E+07  -0.468375E+07  -0.608951E+06   0.408159E+04   0.250918E+02   0.100000E+01
  -0.223812E+05   0.000000E+00  -0.159353E+04   0.000000E+00  -0.534185E+02   0.000000E+00   0.100000E+01
 -0.1396E+00  0.2180E+01 -0.9322E+00  5  7
   0.520160E+05  -0.199319E+06  -0.260315E+05   0.171478E+03   0.100000E+01
  -0.216866E+05   0.000000E+00  -0.156135E+04   0.000000E+00  -0.528821E+02   0.000000E+00   0.100000E+01
 -0.1393E+00  0.2191E+01 -0.9204E+00  6  7
   0.133654E+07  -0.514183E+07  -0.674555E+06   0.436643E+04   0.254739E+02   0.100000E+01
  -0.210178E+05   0.000000E+00  -0.153003E+04   0.000000E+00  -0.523547E+02   0.000000E+00   0.100000E+01
 -0.1390E+00  0.2201E+01 -0.9084E+00  6  7
   0.139617E+07  -0.539326E+07  -0.710663E+06   0.451821E+04   0.256667E+02   0.100000E+01
  -0.203729E+05   0.000000E+00  -0.149950E+04   0.000000E+00  -0.518354E+02   0.000000E+00   0.100000E+01
 -0.1387E+00  0.2212E+01 -0.8965E+00  5  7
   0.579522E+05  -0.224728E+06  -0.297439E+05   0.185629E+03   0.100000E+01
  -0.197522E+05   0.000000E+00  -0.146980E+04   0.000000E+00  -0.513251E+02   0.000000E+00   0.100000E+01
 -0.1384E+00  0.2223E+01 -0.8844E+00  6  7
   0.152804E+07  -0.594902E+07  -0.790822E+06   0.484396E+04   0.260569E+02   0.100000E+01
  -0.191535E+05   0.000000E+00  -0.144085E+04   0.000000E+00  -0.508226E+02   0.000000E+00   0.100000E+01
 -0.1381E+00  0.2233E+01 -0.8723E+00  6  7
   0.160060E+07  -0.625595E+07  -0.835238E+06   0.501839E+04   0.262540E+02   0.100000E+01
  -0.185764E+05   0.000000E+00  -0.141265E+04   0.000000E+00  -0.503283E+02   0.000000E+00   0.100000E+01
 -0.1378E+00  0.2244E+01 -0.8601E+00  5  7
   0.650530E+05  -0.255282E+06  -0.342285E+05   0.201630E+03   0.100000E+01
  -0.180196E+05   0.000000E+00  -0.138515E+04   0.000000E+00  -0.498415E+02   0.000000E+00   0.100000E+01
 -0.1375E+00  0.2255E+01 -0.8479E+00  6  7
   0.176103E+07  -0.693688E+07  -0.934107E+06   0.539294E+04   0.266521E+02   0.100000E+01
  -0.174831E+05   0.000000E+00  -0.135838E+04   0.000000E+00  -0.493629E+02   0.000000E+00   0.100000E+01
 -0.1372E+00  0.2265E+01 -0.8355E+00  6  7
   0.184985E+07  -0.731510E+07  -0.989203E+06   0.559423E+04   0.268533E+02   0.100000E+01
  -0.169653E+05   0.000000E+00  -0.133227E+04   0.000000E+00  -0.488915E+02   0.000000E+00   0.100000E+01
 -0.1369E+00  0.2276E+01 -0.8232E+00  5  7
   0.736862E+05  -0.292501E+06  -0.397208E+05   0.219904E+03   0.100000E+01
  -0.164658E+05   0.000000E+00  -0.130682E+04   0.000000E+00  -0.484276E+02   0.000000E+00   0.100000E+01
 -0.1366E+00  0.2286E+01 -0.8107E+00  6  7
   0.204749E+07  -0.815946E+07  -0.111262E+07   0.602817E+04   0.272597E+02   0.100000E+01
  -0.159833E+05   0.000000E+00  -0.128198E+04   0.000000E+00  -0.479706E+02   0.000000E+00   0.100000E+01
 -0.1363E+00  0.2297E+01 -0.7982E+00  6  7
   0.215828E+07  -0.863266E+07  -0.118206E+07   0.626308E+04   0.274654E+02   0.100000E+01
  -0.155183E+05   0.000000E+00  -0.125779E+04   0.000000E+00  -0.475211E+02   0.000000E+00   0.100000E+01
 -0.1360E+00  0.2308E+01 -0.7856E+00  5  7
   0.842543E+05  -0.338327E+06  -0.465147E+05   0.240886E+03   0.100000E+01
  -0.150685E+05   0.000000E+00  -0.123416E+04   0.000000E+00  -0.470778E+02   0.000000E+00   0.100000E+01
 -0.1357E+00  0.2318E+01 -0.7729E+00  6  7
   0.240532E+07  -0.969443E+07  -0.133829E+07   0.677031E+04   0.278803E+02   0.100000E+01
  -0.146347E+05   0.000000E+00  -0.121114E+04   0.000000E+00  -0.466419E+02   0.000000E+00   0.100000E+01
 -0.1354E+00  0.2329E+01 -0.7602E+00  6  7
   0.254408E+07  -0.102925E+08  -0.142657E+07   0.704535E+04   0.280900E+02   0.100000E+01
  -0.142155E+05   0.000000E+00  -0.118867E+04   0.000000E+00  -0.462122E+02   0.000000E+00   0.100000E+01
 -0.1351E+00  0.2339E+01 -0.7473E+00  5  7
   0.974435E+05  -0.395687E+06  -0.550637E+05   0.265274E+03   0.100000E+01
  -0.138106E+05   0.000000E+00  -0.116674E+04   0.000000E+00  -0.457892E+02   0.000000E+00   0.100000E+01
 -0.1348E+00  0.2349E+01 -0.7345E+00  6  7
   0.285782E+07  -0.116488E+08  -0.162744E+07   0.764416E+04   0.285138E+02   0.100000E+01
  -0.134192E+05   0.000000E+00  -0.114533E+04   0.000000E+00  -0.453722E+02   0.000000E+00   0.100000E+01
 -0.1345E+00  0.2360E+01 -0.7215E+00  6  7
   0.303664E+07  -0.124215E+08  -0.174233E+07   0.797176E+04   0.287284E+02   0.100000E+01
  -0.130414E+05   0.000000E+00  -0.112447E+04   0.000000E+00  -0.449620E+02   0.000000E+00   0.100000E+01
 -0.1342E+00  0.2370E+01 -0.7085E+00  5  7
   0.114127E+06  -0.468613E+06  -0.659859E+05   0.293881E+03   0.100000E+01
  -0.126756E+05   0.000000E+00  -0.110406E+04   0.000000E+00  -0.445572E+02   0.000000E+00   0.100000E+01
 -0.1339E+00  0.2381E+01 -0.6954E+00  6  7
   0.344173E+07  -0.141844E+08  -0.200505E+07   0.868605E+04   0.291608E+02   0.100000E+01
  -0.123221E+05   0.000000E+00  -0.108415E+04   0.000000E+00  -0.441585E+02   0.000000E+00   0.100000E+01
 -0.1336E+00  0.2391E+01 -0.6822E+00  6  7
   0.367430E+07  -0.151977E+08  -0.215657E+07   0.907871E+04   0.293796E+02   0.100000E+01
  -0.119804E+05   0.000000E+00  -0.106471E+04   0.000000E+00  -0.437657E+02   0.000000E+00   0.100000E+01
 -0.1334E+00  0.2402E+01 -0.6690E+00  5  7
   0.135708E+06  -0.563298E+06  -0.802409E+05   0.327930E+03   0.100000E+01
  -0.116501E+05   0.000000E+00  -0.104574E+04   0.000000E+00  -0.433789E+02   0.000000E+00   0.100000E+01
 -0.1331E+00  0.2412E+01 -0.6557E+00  6  7
   0.421027E+07  -0.175419E+08  -0.250817E+07   0.994391E+04   0.298215E+02   0.100000E+01
  -0.113301E+05   0.000000E+00  -0.102717E+04   0.000000E+00  -0.429970E+02   0.000000E+00   0.100000E+01
 -0.1328E+00  0.2422E+01 -0.6423E+00  6  7
   0.452180E+07  -0.189060E+08  -0.271346E+07   0.104233E+05   0.300452E+02   0.100000E+01
  -0.110209E+05   0.000000E+00  -0.100907E+04   0.000000E+00  -0.426212E+02   0.000000E+00   0.100000E+01
 -0.1325E+00  0.2433E+01 -0.6289E+00  5  7
   0.164194E+06  -0.688969E+06  -0.992525E+05   0.369007E+03   0.100000E+01
  -0.107215E+05   0.000000E+00  -0.991369E+03   0.000000E+00  -0.422505E+02   0.000000E+00   0.100000E+01
 -0.1323E+00  0.2443E+01 -0.6153E+00  6  7
   0.524803E+07  -0.221014E+08  -0.319563E+07   0.114872E+05   0.304964E+02   0.100000E+01
  -0.104316E+05   0.000000E+00  -0.974065E+03   0.000000E+00  -0.418849E+02   0.000000E+00   0.100000E+01
 -0.1320E+00  0.2453E+01 -0.6017E+00  6  7
   0.567519E+07  -0.239853E+08  -0.348077E+07   0.120813E+05   0.307245E+02   0.100000E+01
  -0.101512E+05   0.000000E+00  -0.957164E+03   0.000000E+00  -0.415247E+02   0.000000E+00   0.100000E+01
 -0.1317E+00  0.2464E+01 -0.5881E+00  5  9
   0.202966E+06  -0.860766E+06  -0.125374E+06   0.419568E+03   0.100000E+01
  -0.640158E+06   0.000000E+00  -0.609496E+05   0.000000E+00  -0.266759E+04   0.000000E+00  -0.648273E+02   0.000000E+00   0.100000E+01
 -0.1314E+00  0.2474E+01 -0.5743E+00  6  9
   0.669348E+07  -0.284864E+08  -0.416417E+07   0.134186E+05   0.311858E+02   0.100000E+01
  -0.617865E+06   0.000000E+00  -0.593981E+05   0.000000E+00  -0.262259E+04   0.000000E+00  -0.642811E+02   0.000000E+00   0.100000E+01
 -0.1312E+00  0.2484E+01 -0.5605E+00  6  9
   0.730035E+07  -0.311803E+08  -0.457425E+07   0.141716E+05   0.314186E+02   0.100000E+01
  -0.596447E+06   0.000000E+00  -0.578935E+05   0.000000E+00  -0.257857E+04   0.000000E+00  -0.637423E+02   0.000000E+00   0.100000E+01
 -0.1309E+00  0.2494E+01 -0.5466E+00  5  9
   0.257542E+06  -0.110380E+07  -0.162510E+06   0.483196E+03   0.100000E+01
  -0.575886E+06   0.000000E+00  -0.564356E+05   0.000000E+00  -0.253554E+04   0.000000E+00  -0.632111E+02   0.000000E+00   0.100000E+01
 -0.1306E+00  0.2505E+01 -0.5326E+00  6  9
   0.877753E+07  -0.377526E+08  -0.557778E+07   0.158895E+05   0.318894E+02   0.100000E+01
  -0.556125E+06   0.000000E+00  -0.550212E+05   0.000000E+00  -0.249344E+04   0.000000E+00  -0.626870E+02   0.000000E+00   0.100000E+01
 -0.1304E+00  0.2515E+01 -0.5186E+00  6  9
   0.968257E+07  -0.417878E+08  -0.619570E+07   0.168745E+05   0.321275E+02   0.100000E+01
  -0.537147E+06   0.000000E+00  -0.536502E+05   0.000000E+00  -0.245228E+04   0.000000E+00  -0.621704E+02   0.000000E+00   0.100000E+01
 -0.1301E+00  0.2525E+01 -0.5045E+00  5  9
   0.337853E+06  -0.146317E+07  -0.217692E+06   0.565648E+03   0.100000E+01
  -0.518900E+06   0.000000E+00  -0.523198E+05   0.000000E+00  -0.241200E+04   0.000000E+00  -0.616605E+02   0.000000E+00   0.100000E+01
 -0.1298E+00  0.2535E+01 -0.4903E+00  6  9
   0.119416E+08  -0.518909E+08  -0.774720E+07   0.191579E+05   0.326086E+02   0.100000E+01
  -0.501371E+06   0.000000E+00  -0.510298E+05   0.000000E+00  -0.237261E+04   0.000000E+00  -0.611577E+02   0.000000E+00   0.100000E+01
 -0.1296E+00  0.2545E+01 -0.4760E+00  6  9
   0.133636E+08  -0.582685E+08  -0.872921E+07   0.204903E+05   0.328517E+02   0.100000E+01
  -0.484509E+06   0.000000E+00  -0.497777E+05   0.000000E+00  -0.233405E+04   0.000000E+00  -0.606615E+02   0.000000E+00   0.100000E+01
 -0.1293E+00  0.2556E+01 -0.4616E+00  5  9
   0.463057E+06  -0.202606E+07  -0.304552E+06   0.676637E+03   0.100000E+01
  -0.468287E+06   0.000000E+00  -0.485620E+05   0.000000E+00  -0.229630E+04   0.000000E+00  -0.601718E+02   0.000000E+00   0.100000E+01
 -0.1291E+00  0.2566E+01 -0.4472E+00  6  9
   0.170438E+08  -0.748235E+08  -0.112854E+08   0.236522E+05   0.333429E+02   0.100000E+01
  -0.452694E+06   0.000000E+00  -0.473827E+05   0.000000E+00  -0.225938E+04   0.000000E+00  -0.596888E+02   0.000000E+00   0.100000E+01
 -0.1288E+00  0.2576E+01 -0.4327E+00  6  9
   0.194537E+08  -0.856941E+08  -0.129682E+08   0.255459E+05   0.335911E+02   0.100000E+01
  -0.437687E+06   0.000000E+00  -0.462375E+05   0.000000E+00  -0.222322E+04   0.000000E+00  -0.592120E+02   0.000000E+00   0.100000E+01
 -0.1286E+00  0.2586E+01 -0.4181E+00  5  9
   0.674128E+06  -0.297929E+07  -0.452373E+06   0.833943E+03   0.100000E+01
  -0.423256E+06   0.000000E+00  -0.451263E+05   0.000000E+00  -0.218785E+04   0.000000E+00  -0.587417E+02   0.000000E+00   0.100000E+01
 -0.1283E+00  0.2596E+01 -0.4034E+00  6  9
   0.260350E+08  -0.115444E+09  -0.175869E+08   0.301999E+05   0.340933E+02   0.100000E+01
  -0.409363E+06   0.000000E+00  -0.440469E+05   0.000000E+00  -0.215320E+04   0.000000E+00  -0.582775E+02   0.000000E+00   0.100000E+01
 -0.1280E+00  0.2606E+01 -0.3887E+00  6  9
   0.305873E+08  -0.136087E+09  -0.207995E+08   0.330893E+05   0.343469E+02   0.100000E+01
  -0.395984E+06   0.000000E+00  -0.429982E+05   0.000000E+00  -0.211927E+04   0.000000E+00  -0.578191E+02   0.000000E+00   0.100000E+01
 -0.1278E+00  0.2616E+01 -0.3739E+00  5  9
   0.107050E+07  -0.477907E+07  -0.732792E+06   0.107323E+04   0.100000E+01
  -0.383099E+06   0.000000E+00  -0.419791E+05   0.000000E+00  -0.208602E+04   0.000000E+00  -0.573664E+02   0.000000E+00   0.100000E+01
 -0.1275E+00  0.2626E+01 -0.3590E+00  6  9
   0.439766E+08  -0.196971E+09  -0.303001E+08   0.405387E+05   0.348594E+02   0.100000E+01
  -0.370701E+06   0.000000E+00  -0.409898E+05   0.000000E+00  -0.205348E+04   0.000000E+00  -0.569199E+02   0.000000E+00   0.100000E+01
 -0.1273E+00  0.2636E+01 -0.3440E+00  6  9
   0.541058E+08  -0.243147E+09  -0.375229E+08   0.454498E+05   0.351184E+02   0.100000E+01
  -0.358755E+06   0.000000E+00  -0.400283E+05   0.000000E+00  -0.202160E+04   0.000000E+00  -0.564790E+02   0.000000E+00   0.100000E+01
 -0.1271E+00  0.2646E+01 -0.3289E+00  5  9
   0.195864E+07  -0.883009E+07  -0.136705E+07   0.148211E+04   0.100000E+01
  -0.347257E+06   0.000000E+00  -0.390945E+05   0.000000E+00  -0.199040E+04   0.000000E+00  -0.560439E+02   0.000000E+00   0.100000E+01
 -0.1268E+00  0.2656E+01 -0.3138E+00  6  9
   0.881341E+08  -0.398616E+09  -0.619082E+08   0.592553E+05   0.356426E+02   0.100000E+01
  -0.336175E+06   0.000000E+00  -0.381867E+05   0.000000E+00  -0.195981E+04   0.000000E+00  -0.556143E+02   0.000000E+00   0.100000E+01
 -0.1266E+00  0.2666E+01 -0.2986E+00  6  9
   0.118152E+09  -0.536129E+09  -0.835260E+08   0.693405E+05   0.359073E+02   0.100000E+01
  -0.325493E+06   0.000000E+00  -0.373040E+05   0.000000E+00  -0.192984E+04   0.000000E+00  -0.551899E+02   0.000000E+00   0.100000E+01
 -0.1263E+00  0.2676E+01 -0.2833E+00  5  9
   0.466779E+07  -0.212505E+08  -0.332097E+07   0.233543E+04   0.100000E+01
  -0.315194E+06   0.000000E+00  -0.364456E+05   0.000000E+00  -0.190046E+04   0.000000E+00  -0.547707E+02   0.000000E+00   0.100000E+01
 -0.1261E+00  0.2686E+01 -0.2679E+00  6  9
   0.249732E+09  -0.114052E+10  -0.178792E+09   0.102964E+06   0.364426E+02   0.100000E+01
  -0.305274E+06   0.000000E+00  -0.356116E+05   0.000000E+00  -0.187169E+04   0.000000E+00  -0.543571E+02   0.000000E+00   0.100000E+01
 -0.1258E+00  0.2696E+01 -0.2524E+00  6  9
   0.414131E+09  -0.189769E+10  -0.298390E+09   0.133999E+06   0.367126E+02   0.100000E+01
  -0.295697E+06   0.000000E+00  -0.347995E+05   0.000000E+00  -0.184346E+04   0.000000E+00  -0.539481E+02   0.000000E+00   0.100000E+01
 -0.1256E+00  0.2706E+01 -0.2369E+00  5  9
   0.223482E+08  -0.102737E+09  -0.162033E+08   0.521487E+04   0.100000E+01
  -0.286469E+06   0.000000E+00  -0.340103E+05   0.000000E+00  -0.181580E+04   0.000000E+00  -0.535444E+02   0.000000E+00   0.100000E+01
 -0.1254E+00  0.2716E+01 -0.2212E+00  6  9
   0.225341E+10  -0.103911E+11  -0.164385E+10   0.319194E+06   0.372597E+02   0.100000E+01
  -0.277577E+06   0.000000E+00  -0.332432E+05   0.000000E+00  -0.178872E+04   0.000000E+00  -0.531460E+02   0.000000E+00   0.100000E+01
 -0.1251E+00  0.2726E+01 -0.2055E+00  6  9
   0.190505E+11  -0.881344E+11  -0.139842E+11   0.937850E+06   0.375358E+02   0.100000E+01
  -0.268988E+06   0.000000E+00  -0.324960E+05   0.000000E+00  -0.176213E+04   0.000000E+00  -0.527519E+02   0.000000E+00   0.100000E+01
 -0.1249E+00  0.2736E+01 -0.1897E+00  5  9
   0.634927E+09  -0.294660E+10  -0.468933E+09  -0.283580E+05   0.100000E+01
  -0.260708E+06   0.000000E+00  -0.317696E+05   0.000000E+00  -0.173608E+04   0.000000E+00  -0.523630E+02   0.000000E+00   0.100000E+01
 -0.1247E+00  0.2746E+01 -0.1739E+00  6  9
   0.246770E+10  -0.114884E+11  -0.183371E+10  -0.344637E+06   0.380946E+02   0.100000E+01
  -0.252716E+06   0.000000E+00  -0.310625E+05   0.000000E+00  -0.171053E+04   0.000000E+00  -0.519787E+02   0.000000E+00   0.100000E+01
 -0.1244E+00  0.2756E+01 -0.1579E+00  6  9
   0.884083E+09  -0.412890E+10  -0.660963E+09  -0.208434E+06   0.383769E+02   0.100000E+01
  -0.245002E+06   0.000000E+00  -0.303743E+05   0.000000E+00  -0.168547E+04   0.000000E+00  -0.515990E+02   0.000000E+00   0.100000E+01
 -0.1242E+00  0.2766E+01 -0.1418E+00  5  9
   0.118603E+08  -0.555582E+08  -0.892004E+07  -0.395324E+04   0.100000E+01
  -0.237563E+06   0.000000E+00  -0.297049E+05   0.000000E+00  -0.166092E+04   0.000000E+00  -0.512241E+02   0.000000E+00   0.100000E+01
 -0.1240E+00  0.2776E+01 -0.1257E+00  6  9
   0.274874E+09  -0.129176E+10  -0.207991E+09  -0.118647E+06   0.389479E+02   0.100000E+01
  -0.230371E+06   0.000000E+00  -0.290525E+05   0.000000E+00  -0.163680E+04   0.000000E+00  -0.508532E+02   0.000000E+00   0.100000E+01
 -0.1237E+00  0.2786E+01 -0.1095E+00  6  9
   0.185118E+09  -0.872618E+09  -0.140909E+09  -0.983740E+05   0.392366E+02   0.100000E+01
  -0.223433E+06   0.000000E+00  -0.284179E+05   0.000000E+00  -0.161316E+04   0.000000E+00  -0.504870E+02   0.000000E+00   0.100000E+01
 -0.1235E+00  0.2796E+01 -0.9319E-01  5  9
   0.342762E+07  -0.162070E+08  -0.262456E+07  -0.216726E+04   0.100000E+01
  -0.216732E+06   0.000000E+00  -0.277998E+05   0.000000E+00  -0.158997E+04   0.000000E+00  -0.501251E+02   0.000000E+00   0.100000E+01
 -0.1233E+00  0.2805E+01 -0.7680E-01  6  9
   0.101017E+09  -0.479120E+09  -0.778082E+08  -0.741748E+05   0.398201E+02   0.100000E+01
  -0.210259E+06   0.000000E+00  -0.271978E+05   0.000000E+00  -0.156722E+04   0.000000E+00  -0.497674E+02   0.000000E+00   0.100000E+01
 -0.1231E+00  0.2815E+01 -0.6032E-01  6  9
   0.792764E+08  -0.377173E+09  -0.614239E+08  -0.663851E+05   0.401149E+02   0.100000E+01
  -0.204004E+06   0.000000E+00  -0.266114E+05   0.000000E+00  -0.154488E+04   0.000000E+00  -0.494138E+02   0.000000E+00   0.100000E+01
 -0.1228E+00  0.2825E+01 -0.4376E-01  5  9
   0.160666E+07  -0.766783E+07  -0.125220E+07  -0.151287E+04   0.100000E+01
  -0.197961E+06   0.000000E+00  -0.260401E+05   0.000000E+00  -0.152297E+04   0.000000E+00  -0.490643E+02   0.000000E+00   0.100000E+01
 -0.1226E+00  0.2835E+01 -0.2711E-01  6  9
   0.527933E+08  -0.252702E+09  -0.413830E+08  -0.552873E+05   0.407112E+02   0.100000E+01
  -0.192127E+06   0.000000E+00  -0.254841E+05   0.000000E+00  -0.150148E+04   0.000000E+00  -0.487192E+02   0.000000E+00   0.100000E+01
 -0.1224E+00  0.2845E+01 -0.1037E-01  6  9
   0.443927E+08  -0.213158E+09  -0.350023E+08  -0.512161E+05   0.410122E+02   0.100000E+01
  -0.186481E+06   0.000000E+00  -0.249417E+05   0.000000E+00  -0.148036E+04   0.000000E+00  -0.483776E+02   0.000000E+00   0.100000E+01
 -0.1222E+00  0.2855E+01  0.6460E-02  5  9
   0.930020E+06  -0.447890E+07  -0.737492E+06  -0.117328E+04   0.100000E+01
  -0.181030E+06   0.000000E+00  -0.244137E+05   0.000000E+00  -0.145965E+04   0.000000E+00  -0.480403E+02   0.000000E+00   0.100000E+01
 -0.1219E+00  0.2864E+01  0.2338E-01  6  9
   0.327548E+08  -0.158215E+09  -0.261223E+08  -0.448908E+05   0.416219E+02   0.100000E+01
  -0.175759E+06   0.000000E+00  -0.238990E+05   0.000000E+00  -0.143932E+04   0.000000E+00  -0.477068E+02   0.000000E+00   0.100000E+01
 -0.1217E+00  0.2874E+01  0.4038E-01  6  9
   0.286480E+08  -0.138814E+09  -0.229801E+08  -0.424089E+05   0.419293E+02   0.100000E+01
  -0.170657E+06   0.000000E+00  -0.233969E+05   0.000000E+00  -0.141934E+04   0.000000E+00  -0.473767E+02   0.000000E+00   0.100000E+01
 -0.1215E+00  0.2884E+01  0.5748E-01  5  9
   0.606973E+06  -0.294987E+07  -0.489645E+06  -0.966024E+03   0.100000E+01
  -0.165728E+06   0.000000E+00  -0.229079E+05   0.000000E+00  -0.139975E+04   0.000000E+00  -0.470507E+02   0.000000E+00   0.100000E+01
 -0.1213E+00  0.2894E+01  0.7466E-01  6  9
   0.225114E+08  -0.109732E+09  -0.182626E+08  -0.383557E+05   0.425521E+02   0.100000E+01
  -0.160961E+06   0.000000E+00  -0.224311E+05   0.000000E+00  -0.138050E+04   0.000000E+00  -0.467283E+02   0.000000E+00   0.100000E+01
 -0.1211E+00  0.2903E+01  0.9194E-01  6  9
   0.201894E+08  -0.987076E+08  -0.164710E+08  -0.366890E+05   0.428668E+02   0.100000E+01
  -0.156349E+06   0.000000E+00  -0.219662E+05   0.000000E+00  -0.136161E+04   0.000000E+00  -0.464095E+02   0.000000E+00   0.100000E+01
 -0.1209E+00  0.2913E+01  0.1093E+00  5  9
   0.427763E+06  -0.209762E+07  -0.350935E+06  -0.826345E+03   0.100000E+01
  -0.151888E+06   0.000000E+00  -0.215129E+05   0.000000E+00  -0.134305E+04   0.000000E+00  -0.460943E+02   0.000000E+00   0.100000E+01
 -0.1207E+00  0.2923E+01  0.1268E+00  6  9
   0.165488E+08  -0.813786E+08  -0.136506E+08  -0.338849E+05   0.435037E+02   0.100000E+01
  -0.147576E+06   0.000000E+00  -0.210713E+05   0.000000E+00  -0.132484E+04   0.000000E+00  -0.457829E+02   0.000000E+00   0.100000E+01
 -0.1204E+00  0.2933E+01  0.1443E+00  6  9
   0.151095E+08  -0.745225E+08  -0.125326E+08  -0.327015E+05   0.438253E+02   0.100000E+01
  -0.143398E+06   0.000000E+00  -0.206401E+05   0.000000E+00  -0.130694E+04   0.000000E+00  -0.454746E+02   0.000000E+00   0.100000E+01
 -0.1202E+00  0.2942E+01  0.1620E+00  5  9
   0.318088E+06  -0.157354E+07  -0.265300E+06  -0.725932E+03   0.100000E+01
  -0.139354E+06   0.000000E+00  -0.202195E+05   0.000000E+00  -0.128935E+04   0.000000E+00  -0.451696E+02   0.000000E+00   0.100000E+01
 -0.1200E+00  0.2952E+01  0.1797E+00  6  9
   0.127732E+08  -0.633750E+08  -0.107121E+08  -0.306695E+05   0.444754E+02   0.100000E+01
  -0.135440E+06   0.000000E+00  -0.198092E+05   0.000000E+00  -0.127207E+04   0.000000E+00  -0.448680E+02   0.000000E+00   0.100000E+01
 -0.1198E+00  0.2962E+01  0.1975E+00  6  9
   0.118148E+08  -0.587841E+08  -0.996143E+07  -0.297884E+05   0.448048E+02   0.100000E+01
  -0.131656E+06   0.000000E+00  -0.194093E+05   0.000000E+00  -0.125512E+04   0.000000E+00  -0.445700E+02   0.000000E+00   0.100000E+01
 -0.1196E+00  0.2971E+01  0.2154E+00  5  9
   0.246155E+06  -0.122835E+07  -0.208672E+06  -0.650449E+03   0.100000E+01
  -0.127987E+06   0.000000E+00  -0.190187E+05   0.000000E+00  -0.123844E+04   0.000000E+00  -0.442750E+02   0.000000E+00   0.100000E+01
 -0.1194E+00  0.2981E+01  0.2335E+00  6  9
   0.102215E+08  -0.511569E+08  -0.871205E+07  -0.282586E+05   0.454693E+02   0.100000E+01
  -0.124435E+06   0.000000E+00  -0.186375E+05   0.000000E+00  -0.122205E+04   0.000000E+00  -0.439831E+02   0.000000E+00   0.100000E+01
 -0.1192E+00  0.2991E+01  0.2516E+00  6  9
   0.955302E+07  -0.479518E+08  -0.818627E+07  -0.275887E+05   0.458052E+02   0.100000E+01
  -0.120995E+06   0.000000E+00  -0.182655E+05   0.000000E+00  -0.120595E+04   0.000000E+00  -0.436944E+02   0.000000E+00   0.100000E+01
 -0.1190E+00  0.3000E+01  0.2698E+00  5  9
   0.196419E+06  -0.988645E+06  -0.169198E+06  -0.591709E+03   0.100000E+01
  -0.117666E+06   0.000000E+00  -0.179028E+05   0.000000E+00  -0.119015E+04   0.000000E+00  -0.434091E+02   0.000000E+00   0.100000E+01
 -0.1188E+00  0.3010E+01  0.2881E+00  6  9
   0.841414E+07  -0.424746E+08  -0.728679E+07  -0.264030E+05   0.464852E+02   0.100000E+01
  -0.114439E+06   0.000000E+00  -0.175485E+05   0.000000E+00  -0.117460E+04   0.000000E+00  -0.431265E+02   0.000000E+00   0.100000E+01
 -0.1186E+00  0.3019E+01  0.3065E+00  6  9
   0.792766E+07  -0.401346E+08  -0.690191E+07  -0.258798E+05   0.468287E+02   0.100000E+01
  -0.111312E+06   0.000000E+00  -0.172025E+05   0.000000E+00  -0.115931E+04   0.000000E+00  -0.428470E+02   0.000000E+00   0.100000E+01
 -0.1184E+00  0.3029E+01  0.3250E+00  5  9
   0.160612E+06  -0.815456E+06  -0.140568E+06  -0.544824E+03   0.100000E+01
  -0.108282E+06   0.000000E+00  -0.168648E+05   0.000000E+00  -0.114429E+04   0.000000E+00  -0.425704E+02   0.000000E+00   0.100000E+01
 -0.1182E+00  0.3039E+01  0.3435E+00  6  9
   0.708581E+07  -0.360788E+08  -0.623404E+07  -0.249479E+05   0.475232E+02   0.100000E+01
  -0.105346E+06   0.000000E+00  -0.165350E+05   0.000000E+00  -0.112952E+04   0.000000E+00  -0.422968E+02   0.000000E+00   0.100000E+01
 -0.1180E+00  0.3048E+01  0.3622E+00  6  9
   0.672012E+07  -0.343140E+08  -0.594309E+07  -0.245323E+05   0.478744E+02   0.100000E+01
  -0.102501E+06   0.000000E+00  -0.162131E+05   0.000000E+00  -0.111501E+04   0.000000E+00  -0.420260E+02   0.000000E+00   0.100000E+01
 -0.1178E+00  0.3058E+01  0.3810E+00  5  9
   0.133953E+06  -0.685915E+06  -0.119077E+06  -0.506535E+03   0.100000E+01
  -0.997438E+05   0.000000E+00  -0.158986E+05   0.000000E+00  -0.110074E+04   0.000000E+00  -0.417581E+02   0.000000E+00   0.100000E+01
 -0.1176E+00  0.3067E+01  0.3999E+00  6  9
   0.607879E+07  -0.312139E+08  -0.543147E+07  -0.237877E+05   0.485847E+02   0.100000E+01
  -0.970708E+05   0.000000E+00  -0.155916E+05   0.000000E+00  -0.108671E+04   0.000000E+00  -0.414930E+02   0.000000E+00   0.100000E+01
 -0.1174E+00  0.3077E+01  0.4189E+00  6  9
   0.579665E+07  -0.298478E+08  -0.520579E+07  -0.234539E+05   0.489439E+02   0.100000E+01
  -0.944796E+05   0.000000E+00  -0.152916E+05   0.000000E+00  -0.107292E+04   0.000000E+00  -0.412307E+02   0.000000E+00   0.100000E+01
 -0.1172E+00  0.3086E+01  0.4380E+00  5  9
   0.113568E+06  -0.586389E+06  -0.102508E+06  -0.474724E+03   0.100000E+01
  -0.919672E+05   0.000000E+00  -0.149987E+05   0.000000E+00  -0.105935E+04   0.000000E+00  -0.409711E+02   0.000000E+00   0.100000E+01
 -0.1170E+00  0.3096E+01  0.4571E+00  6  9
   0.529666E+07  -0.274276E+08  -0.480550E+07  -0.228550E+05   0.496697E+02   0.100000E+01
  -0.895282E+05   0.000000E+00  -0.147122E+05   0.000000E+00  -0.104600E+04   0.000000E+00  -0.407140E+02   0.000000E+00   0.100000E+01
 -0.1168E+00  0.3106E+01  0.4764E+00  6  9
   0.507419E+07  -0.263465E+08  -0.462660E+07  -0.225848E+05   0.500372E+02   0.100000E+01
  -0.871657E+05   0.000000E+00  -0.144326E+05   0.000000E+00  -0.103289E+04   0.000000E+00  -0.404598E+02   0.000000E+00   0.100000E+01
 -0.1166E+00  0.3115E+01  0.4958E+00  5  9
   0.976447E+05  -0.508437E+06  -0.894836E+05  -0.447994E+03   0.100000E+01
  -0.848718E+05   0.000000E+00  -0.141591E+05   0.000000E+00  -0.101997E+04   0.000000E+00  -0.402079E+02   0.000000E+00   0.100000E+01
 -0.1164E+00  0.3125E+01  0.5153E+00  6  9
   0.467643E+07  -0.244188E+08  -0.430716E+07  -0.221006E+05   0.507788E+02   0.100000E+01
  -0.826467E+05   0.000000E+00  -0.138919E+05   0.000000E+00  -0.100728E+04   0.000000E+00  -0.399586E+02   0.000000E+00   0.100000E+01
 -0.1162E+00  0.3134E+01  0.5349E+00  6  9
   0.449777E+07  -0.235473E+08  -0.416275E+07  -0.218811E+05   0.511548E+02   0.100000E+01
  -0.804909E+05   0.000000E+00  -0.136310E+05   0.000000E+00  -0.994800E+03   0.000000E+00  -0.397121E+02   0.000000E+00   0.100000E+01
 -0.1161E+00  0.3144E+01  0.5546E+00  5  9
   0.849541E+05  -0.445985E+06  -0.790155E+05  -0.425190E+03   0.100000E+01
  -0.783968E+05   0.000000E+00  -0.133758E+05   0.000000E+00  -0.982514E+03   0.000000E+00  -0.394679E+02   0.000000E+00   0.100000E+01
 -0.1159E+00  0.3153E+01  0.5744E+00  6  9
   0.417589E+07  -0.219857E+08  -0.390357E+07  -0.214890E+05   0.519129E+02   0.100000E+01
  -0.763626E+05   0.000000E+00  -0.131261E+05   0.000000E+00  -0.970416E+03   0.000000E+00  -0.392259E+02   0.000000E+00   0.100000E+01
 -0.1157E+00  0.3163E+01  0.5943E+00  6  9
   0.403030E+07  -0.212761E+08  -0.378580E+07  -0.213118E+05   0.522968E+02   0.100000E+01
  -0.743910E+05   0.000000E+00  -0.128823E+05   0.000000E+00  -0.958528E+03   0.000000E+00  -0.389867E+02   0.000000E+00   0.100000E+01
 -0.1155E+00  0.3172E+01  0.6142E+00  5  9
   0.746838E+05  -0.395304E+06  -0.704911E+05  -0.405599E+03   0.100000E+01
  -0.724777E+05   0.000000E+00  -0.126440E+05   0.000000E+00  -0.946833E+03   0.000000E+00  -0.387498E+02   0.000000E+00   0.100000E+01
 -0.1153E+00  0.3182E+01  0.6343E+00  6  9
   0.376588E+07  -0.199885E+08  -0.357191E+07  -0.209940E+05   0.530727E+02   0.100000E+01
  -0.706185E+05   0.000000E+00  -0.124108E+05   0.000000E+00  -0.935314E+03   0.000000E+00  -0.385151E+02   0.000000E+00   0.100000E+01
 -0.1151E+00  0.3191E+01  0.6546E+00  6  9
   0.364559E+07  -0.194032E+08  -0.347463E+07  -0.208519E+05   0.534648E+02   0.100000E+01
  -0.688138E+05   0.000000E+00  -0.121828E+05   0.000000E+00  -0.923981E+03   0.000000E+00  -0.382828E+02   0.000000E+00   0.100000E+01
 -0.1149E+00  0.3200E+01  0.6749E+00  5  9
   0.662527E+05  -0.353578E+06  -0.634497E+05  -0.388620E+03   0.100000E+01
  -0.670619E+05   0.000000E+00  -0.119598E+05   0.000000E+00  -0.912830E+03   0.000000E+00  -0.380527E+02   0.000000E+00   0.100000E+01
 -0.1148E+00  0.3210E+01  0.6953E+00  6  9
   0.342573E+07  -0.183313E+08  -0.329643E+07  -0.205970E+05   0.542582E+02   0.100000E+01
  -0.653611E+05   0.000000E+00  -0.117418E+05   0.000000E+00  -0.901857E+03   0.000000E+00  -0.378250E+02   0.000000E+00   0.100000E+01
 -0.1146E+00  0.3219E+01  0.7158E+00  6  9
   0.332513E+07  -0.178397E+08  -0.321471E+07  -0.204832E+05   0.546596E+02   0.100000E+01
  -0.637097E+05   0.000000E+00  -0.115286E+05   0.000000E+00  -0.891060E+03   0.000000E+00  -0.375996E+02   0.000000E+00   0.100000E+01
 -0.1144E+00  0.3229E+01  0.7364E+00  5  9
   0.592436E+05  -0.318726E+06  -0.575512E+05  -0.373772E+03   0.100000E+01
  -0.621042E+05   0.000000E+00  -0.113199E+05   0.000000E+00  -0.880422E+03   0.000000E+00  -0.373761E+02   0.000000E+00   0.100000E+01
 -0.1142E+00  0.3238E+01  0.7572E+00  6  9
   0.314034E+07  -0.169378E+08  -0.306470E+07  -0.202816E+05   0.554710E+02   0.100000E+01
  -0.605470E+05   0.000000E+00  -0.111160E+05   0.000000E+00  -0.869964E+03   0.000000E+00  -0.371551E+02   0.000000E+00   0.100000E+01
 -0.1140E+00  0.3248E+01  0.7780E+00  6  9
   0.305536E+07  -0.165235E+08  -0.299578E+07  -0.201929E+05   0.558810E+02   0.100000E+01
  -0.590327E+05   0.000000E+00  -0.109163E+05   0.000000E+00  -0.859660E+03   0.000000E+00  -0.369360E+02   0.000000E+00   0.100000E+01
 -0.1139E+00  0.3257E+01  0.7990E+00  5  9
   0.533542E+05  -0.289298E+06  -0.525566E+05  -0.360703E+03   0.100000E+01
  -0.575618E+05   0.000000E+00  -0.107210E+05   0.000000E+00  -0.849519E+03   0.000000E+00  -0.367191E+02   0.000000E+00   0.100000E+01
 -0.1137E+00  0.3266E+01  0.8200E+00  6  9
   0.289853E+07  -0.157597E+08  -0.286871E+07  -0.200377E+05   0.567101E+02   0.100000E+01
  -0.561313E+05   0.000000E+00  -0.105297E+05   0.000000E+00  -0.839525E+03   0.000000E+00  -0.365041E+02   0.000000E+00   0.100000E+01
 -0.1135E+00  0.3276E+01  0.8412E+00  6  9
   0.282612E+07  -0.154049E+08  -0.280973E+07  -0.199698E+05   0.571301E+02   0.100000E+01
  -0.547432E+05   0.000000E+00  -0.103427E+05   0.000000E+00  -0.829699E+03   0.000000E+00  -0.362914E+02   0.000000E+00   0.100000E+01
 -0.1133E+00  0.3285E+01  0.8625E+00  5  9
   0.483589E+05  -0.264298E+06  -0.483003E+05  -0.349178E+03   0.100000E+01
  -0.533930E+05   0.000000E+00  -0.101596E+05   0.000000E+00  -0.820015E+03   0.000000E+00  -0.360805E+02   0.000000E+00   0.100000E+01
 -0.1132E+00  0.3295E+01  0.8839E+00  6  9
   0.269193E+07  -0.147506E+08  -0.270093E+07  -0.198543E+05   0.579782E+02   0.100000E+01
  -0.520810E+05   0.000000E+00  -0.998048E+04   0.000000E+00  -0.810481E+03   0.000000E+00  -0.358717E+02   0.000000E+00   0.100000E+01
 -0.1130E+00  0.3304E+01  0.9054E+00  6  9
   0.262967E+07  -0.144487E+08  -0.265071E+07  -0.198061E+05   0.584064E+02   0.100000E+01
  -0.508045E+05   0.000000E+00  -0.980495E+04   0.000000E+00  -0.801085E+03   0.000000E+00  -0.356648E+02   0.000000E+00   0.100000E+01
 -0.1128E+00  0.3313E+01  0.9270E+00  5  9
   0.440845E+05  -0.242869E+06  -0.446409E+05  -0.338963E+03   0.100000E+01
  -0.495639E+05   0.000000E+00  -0.963319E+04   0.000000E+00  -0.791834E+03   0.000000E+00  -0.354598E+02   0.000000E+00   0.100000E+01
 -0.1126E+00  0.3323E+01  0.9487E+00  6  9
   0.251401E+07  -0.138840E+08  -0.255690E+07  -0.197254E+05   0.592743E+02   0.100000E+01
  -0.483597E+05   0.000000E+00  -0.946529E+04   0.000000E+00  -0.782736E+03   0.000000E+00  -0.352570E+02   0.000000E+00   0.100000E+01
 -0.1125E+00  0.3332E+01  0.9706E+00  6  9
   0.246012E+07  -0.136235E+08  -0.251362E+07  -0.196938E+05   0.597120E+02   0.100000E+01
  -0.471862E+05   0.000000E+00  -0.930057E+04   0.000000E+00  -0.773757E+03   0.000000E+00  -0.350557E+02   0.000000E+00   0.100000E+01
 -0.1123E+00  0.3341E+01  0.9925E+00  5  9
   0.403989E+05  -0.224280E+06  -0.414592E+05  -0.329842E+03   0.100000E+01
  -0.460470E+05   0.000000E+00  -0.913953E+04   0.000000E+00  -0.764926E+03   0.000000E+00  -0.348565E+02   0.000000E+00   0.100000E+01
 -0.1121E+00  0.3351E+01  0.1015E+01  6  9
   0.235974E+07  -0.131347E+08  -0.243252E+07  -0.196447E+05   0.605992E+02   0.100000E+01
  -0.449380E+05   0.000000E+00  -0.898171E+04   0.000000E+00  -0.756219E+03   0.000000E+00  -0.346591E+02   0.000000E+00   0.100000E+01
 -0.1120E+00  0.3360E+01  0.1037E+01  6  9
   0.231289E+07  -0.129070E+08  -0.239476E+07  -0.196275E+05   0.610477E+02   0.100000E+01
  -0.438598E+05   0.000000E+00  -0.882721E+04   0.000000E+00  -0.747645E+03   0.000000E+00  -0.344635E+02   0.000000E+00   0.100000E+01
 -0.1118E+00  0.3369E+01  0.1059E+01  5  9
   0.371986E+05  -0.208105E+06  -0.386831E+05  -0.321698E+03   0.100000E+01
  -0.428114E+05   0.000000E+00  -0.867596E+04   0.000000E+00  -0.739201E+03   0.000000E+00  -0.342698E+02   0.000000E+00   0.100000E+01
 -0.1116E+00  0.3379E+01  0.1081E+01  6  9
   0.222526E+07  -0.124817E+08  -0.232432E+07  -0.196069E+05   0.619548E+02   0.100000E+01
  -0.417907E+05   0.000000E+00  -0.852770E+04   0.000000E+00  -0.730875E+03   0.000000E+00  -0.340777E+02   0.000000E+00   0.100000E+01
 -0.1115E+00  0.3388E+01  0.1104E+01  6  9
   0.218427E+07  -0.122830E+08  -0.229145E+07  -0.196032E+05   0.624134E+02   0.100000E+01
  -0.407980E+05   0.000000E+00  -0.838254E+04   0.000000E+00  -0.722675E+03   0.000000E+00  -0.338874E+02   0.000000E+00   0.100000E+01
 -0.1113E+00  0.3397E+01  0.1127E+01  5  9
   0.344021E+05  -0.193938E+06  -0.362454E+05  -0.314406E+03   0.100000E+01
  -0.398326E+05   0.000000E+00  -0.824039E+04   0.000000E+00  -0.714598E+03   0.000000E+00  -0.336989E+02   0.000000E+00   0.100000E+01
 -0.1111E+00  0.3406E+01  0.1149E+01  6  9
   0.210738E+07  -0.119111E+08  -0.223002E+07  -0.196084E+05   0.633410E+02   0.100000E+01
  -0.388922E+05   0.000000E+00  -0.810102E+04   0.000000E+00  -0.706633E+03   0.000000E+00  -0.335120E+02   0.000000E+00   0.100000E+01
 -0.1110E+00  0.3416E+01  0.1172E+01  6  9
   0.207134E+07  -0.117371E+08  -0.220131E+07  -0.196171E+05   0.638101E+02   0.100000E+01
  -0.379776E+05   0.000000E+00  -0.796455E+04   0.000000E+00  -0.698787E+03   0.000000E+00  -0.333268E+02   0.000000E+00   0.100000E+01
 -0.1108E+00  0.3425E+01  0.1195E+01  5  9
   0.319438E+05  -0.181454E+06  -0.340921E+05  -0.307861E+03   0.100000E+01
  -0.370878E+05   0.000000E+00  -0.783088E+04   0.000000E+00  -0.691058E+03   0.000000E+00  -0.331434E+02   0.000000E+00   0.100000E+01
 -0.1107E+00  0.3434E+01  0.1218E+01  6  9
   0.200360E+07  -0.114106E+08  -0.214756E+07  -0.196460E+05   0.647588E+02   0.100000E+01
  -0.362210E+05   0.000000E+00  -0.769981E+04   0.000000E+00  -0.683435E+03   0.000000E+00  -0.329614E+02   0.000000E+00   0.100000E+01
 -0.1105E+00  0.3443E+01  0.1242E+01  6  9
   0.197177E+07  -0.112575E+08  -0.212240E+07  -0.196661E+05   0.652386E+02   0.100000E+01
  -0.353776E+05   0.000000E+00  -0.757143E+04   0.000000E+00  -0.675925E+03   0.000000E+00  -0.327812E+02   0.000000E+00   0.100000E+01
 -0.1103E+00  0.3453E+01  0.1265E+01  5  9
   0.297710E+05  -0.170417E+06  -0.321833E+05  -0.301987E+03   0.100000E+01
  -0.345560E+05   0.000000E+00  -0.744552E+04   0.000000E+00  -0.668517E+03   0.000000E+00  -0.326024E+02   0.000000E+00   0.100000E+01
 -0.1102E+00  0.3462E+01  0.1288E+01  6  9
   0.191187E+07  -0.109699E+08  -0.207525E+07  -0.197170E+05   0.662091E+02   0.100000E+01
  -0.337574E+05   0.000000E+00  -0.732232E+04   0.000000E+00  -0.661227E+03   0.000000E+00  -0.324255E+02   0.000000E+00   0.100000E+01
 -0.1100E+00  0.3471E+01  0.1312E+01  6  9
   0.188367E+07  -0.108349E+08  -0.205315E+07  -0.197478E+05   0.666999E+02   0.100000E+01
  -0.329792E+05   0.000000E+00  -0.720148E+04   0.000000E+00  -0.654036E+03   0.000000E+00  -0.322500E+02   0.000000E+00   0.100000E+01
 -0.1099E+00  0.3480E+01  0.1336E+01  5  9
   0.278430E+05  -0.160565E+06  -0.304766E+05  -0.296687E+03   0.100000E+01
  -0.322208E+05   0.000000E+00  -0.708295E+04   0.000000E+00  -0.646941E+03   0.000000E+00  -0.320760E+02   0.000000E+00   0.100000E+01
 -0.1097E+00  0.3490E+01  0.1360E+01  6  9
   0.183042E+07  -0.105820E+08  -0.201189E+07  -0.198196E+05   0.676916E+02   0.100000E+01
  -0.314826E+05   0.000000E+00  -0.696681E+04   0.000000E+00  -0.639951E+03   0.000000E+00  -0.319035E+02   0.000000E+00   0.100000E+01
 -0.1096E+00  0.3499E+01  0.1383E+01  6  9
   0.180537E+07  -0.104625E+08  -0.199246E+07  -0.198603E+05   0.681938E+02   0.100000E+01
  -0.307641E+05   0.000000E+00  -0.685301E+04   0.000000E+00  -0.633062E+03   0.000000E+00  -0.317326E+02   0.000000E+00   0.100000E+01
 -0.1094E+00  0.3508E+01  0.1408E+01  5  9
   0.261230E+05  -0.151771E+06  -0.289497E+05  -0.291920E+03   0.100000E+01
  -0.300637E+05   0.000000E+00  -0.674137E+04   0.000000E+00  -0.626265E+03   0.000000E+00  -0.315631E+02   0.000000E+00   0.100000E+01
