0.100000D+01  3  1  1  300
        0.500000E-01        0.166657E-01       -0.199994E+01
        0.100000E+00        0.333260E-01       -0.199978E+01
        0.150000E+00        0.499752E-01       -0.199950E+01
        0.200000E+00        0.666084E-01       -0.199911E+01
        0.250000E+00        0.832205E-01       -0.199861E+01
        0.300000E+00        0.998069E-01       -0.199801E+01
        0.350000E+00        0.116363E+00       -0.199729E+01
        0.400000E+00        0.132886E+00       -0.199647E+01
        0.450000E+00        0.149371E+00       -0.199554E+01
        0.500000E+00        0.165816E+00       -0.199450E+01
        0.550000E+00        0.182217E+00       -0.199335E+01
        0.600000E+00        0.198572E+00       -0.199211E+01
        0.650000E+00        0.214879E+00       -0.199076E+01
        0.700000E+00        0.231136E+00       -0.198930E+01
        0.750000E+00        0.247341E+00       -0.198775E+01
        0.800000E+00        0.263492E+00       -0.198609E+01
        0.850000E+00        0.279589E+00       -0.198434E+01
        0.900000E+00        0.295630E+00       -0.198249E+01
        0.950000E+00        0.311614E+00       -0.198054E+01
        0.100000E+01        0.327541E+00       -0.197849E+01
        0.105000E+01        0.343410E+00       -0.197635E+01
        0.110000E+01        0.359221E+00       -0.197412E+01
        0.115000E+01        0.374973E+00       -0.197179E+01
        0.120000E+01        0.390666E+00       -0.196937E+01
        0.125000E+01        0.406300E+00       -0.196686E+01
        0.130000E+01        0.421875E+00       -0.196426E+01
        0.135000E+01        0.437390E+00       -0.196157E+01
        0.140000E+01        0.452847E+00       -0.195879E+01
        0.145000E+01        0.468245E+00       -0.195593E+01
        0.150000E+01        0.483585E+00       -0.195298E+01
        0.155000E+01        0.498865E+00       -0.194994E+01
        0.160000E+01        0.514088E+00       -0.194682E+01
        0.165000E+01        0.529253E+00       -0.194362E+01
        0.170000E+01        0.544361E+00       -0.194033E+01
        0.175000E+01        0.559411E+00       -0.193696E+01
        0.180000E+01        0.574405E+00       -0.193351E+01
        0.185000E+01        0.589342E+00       -0.192998E+01
        0.190000E+01        0.604224E+00       -0.192637E+01
        0.195000E+01        0.619050E+00       -0.192268E+01
        0.200000E+01        0.633821E+00       -0.191891E+01
        0.205000E+01        0.648538E+00       -0.191506E+01
        0.210000E+01        0.663201E+00       -0.191114E+01
        0.215000E+01        0.677810E+00       -0.190714E+01
        0.220000E+01        0.692366E+00       -0.190306E+01
        0.225000E+01        0.706870E+00       -0.189891E+01
        0.230000E+01        0.721322E+00       -0.189468E+01
        0.235000E+01        0.735722E+00       -0.189038E+01
        0.240000E+01        0.750070E+00       -0.188601E+01
        0.245000E+01        0.764369E+00       -0.188156E+01
        0.250000E+01        0.778617E+00       -0.187704E+01
        0.255000E+01        0.792816E+00       -0.187245E+01
        0.260000E+01        0.806965E+00       -0.186779E+01
        0.265000E+01        0.821066E+00       -0.186305E+01
        0.270000E+01        0.835119E+00       -0.185825E+01
        0.275000E+01        0.849124E+00       -0.185337E+01
        0.280000E+01        0.863082E+00       -0.184843E+01
        0.285000E+01        0.876993E+00       -0.184342E+01
        0.290000E+01        0.890858E+00       -0.183833E+01
        0.295000E+01        0.904677E+00       -0.183318E+01
        0.300000E+01        0.918451E+00       -0.182796E+01
        0.305000E+01        0.932180E+00       -0.182268E+01
        0.310000E+01        0.945865E+00       -0.181732E+01
        0.315000E+01        0.959505E+00       -0.181190E+01
        0.320000E+01        0.973103E+00       -0.180641E+01
        0.325000E+01        0.986657E+00       -0.180086E+01
        0.330000E+01        0.100017E+01       -0.179523E+01
        0.335000E+01        0.101364E+01       -0.178955E+01
        0.340000E+01        0.102706E+01       -0.178380E+01
        0.345000E+01        0.104045E+01       -0.177798E+01
        0.350000E+01        0.105380E+01       -0.177210E+01
        0.355000E+01        0.106710E+01       -0.176615E+01
        0.360000E+01        0.108036E+01       -0.176014E+01
        0.365000E+01        0.109359E+01       -0.175406E+01
        0.370000E+01        0.110677E+01       -0.174792E+01
        0.375000E+01        0.111992E+01       -0.174172E+01
        0.380000E+01        0.113303E+01       -0.173545E+01
        0.385000E+01        0.114610E+01       -0.172912E+01
        0.390000E+01        0.115913E+01       -0.172273E+01
        0.395000E+01        0.117212E+01       -0.171627E+01
        0.400000E+01        0.118508E+01       -0.170976E+01
        0.405000E+01        0.119800E+01       -0.170317E+01
        0.410000E+01        0.121088E+01       -0.169653E+01
        0.415000E+01        0.122373E+01       -0.168983E+01
        0.420000E+01        0.123654E+01       -0.168306E+01
        0.425000E+01        0.124932E+01       -0.167623E+01
        0.430000E+01        0.126206E+01       -0.166934E+01
        0.435000E+01        0.127476E+01       -0.166239E+01
        0.440000E+01        0.128744E+01       -0.165537E+01
        0.445000E+01        0.130007E+01       -0.164830E+01
        0.450000E+01        0.131268E+01       -0.164116E+01
        0.455000E+01        0.132525E+01       -0.163396E+01
        0.460000E+01        0.133778E+01       -0.162670E+01
        0.465000E+01        0.135029E+01       -0.161939E+01
        0.470000E+01        0.136276E+01       -0.161201E+01
        0.475000E+01        0.137520E+01       -0.160456E+01
        0.480000E+01        0.138761E+01       -0.159706E+01
        0.485000E+01        0.139998E+01       -0.158950E+01
        0.490000E+01        0.141233E+01       -0.158188E+01
        0.495000E+01        0.142464E+01       -0.157420E+01
        0.500000E+01        0.143692E+01       -0.156645E+01
        0.505000E+01        0.144917E+01       -0.155865E+01
        0.510000E+01        0.146140E+01       -0.155078E+01
        0.515000E+01        0.147359E+01       -0.154286E+01
        0.520000E+01        0.148575E+01       -0.153487E+01
        0.525000E+01        0.149788E+01       -0.152683E+01
        0.530000E+01        0.150998E+01       -0.151873E+01
        0.535000E+01        0.152206E+01       -0.151056E+01
        0.540000E+01        0.153410E+01       -0.150233E+01
        0.545000E+01        0.154612E+01       -0.149405E+01
        0.550000E+01        0.155811E+01       -0.148570E+01
        0.555000E+01        0.157007E+01       -0.147730E+01
        0.560000E+01        0.158200E+01       -0.146883E+01
        0.565000E+01        0.159390E+01       -0.146031E+01
        0.570000E+01        0.160578E+01       -0.145172E+01
        0.575000E+01        0.161763E+01       -0.144307E+01
        0.580000E+01        0.162945E+01       -0.143437E+01
        0.585000E+01        0.164125E+01       -0.142560E+01
        0.590000E+01        0.165302E+01       -0.141677E+01
        0.595000E+01        0.166476E+01       -0.140788E+01
        0.600000E+01        0.167648E+01       -0.139894E+01
        0.605000E+01        0.168818E+01       -0.138993E+01
        0.610000E+01        0.169984E+01       -0.138086E+01
        0.615000E+01        0.171148E+01       -0.137173E+01
        0.620000E+01        0.172310E+01       -0.136254E+01
        0.625000E+01        0.173469E+01       -0.135329E+01
        0.630000E+01        0.174626E+01       -0.134398E+01
        0.635000E+01        0.175780E+01       -0.133460E+01
        0.640000E+01        0.176932E+01       -0.132517E+01
        0.645000E+01        0.178081E+01       -0.131568E+01
        0.650000E+01        0.179228E+01       -0.130612E+01
        0.655000E+01        0.180373E+01       -0.129650E+01
        0.660000E+01        0.181515E+01       -0.128683E+01
        0.665000E+01        0.182655E+01       -0.127709E+01
        0.670000E+01        0.183792E+01       -0.126729E+01
        0.675000E+01        0.184928E+01       -0.125742E+01
        0.680000E+01        0.186061E+01       -0.124750E+01
        0.685000E+01        0.187191E+01       -0.123751E+01
        0.690000E+01        0.188320E+01       -0.122747E+01
        0.695000E+01        0.189446E+01       -0.121736E+01
        0.700000E+01        0.190570E+01       -0.120718E+01
        0.705000E+01        0.191692E+01       -0.119695E+01
        0.710000E+01        0.192812E+01       -0.118665E+01
        0.715000E+01        0.193929E+01       -0.117629E+01
        0.720000E+01        0.195045E+01       -0.116587E+01
        0.725000E+01        0.196158E+01       -0.115538E+01
        0.730000E+01        0.197269E+01       -0.114484E+01
        0.735000E+01        0.198378E+01       -0.113422E+01
        0.740000E+01        0.199485E+01       -0.112355E+01
        0.745000E+01        0.200590E+01       -0.111281E+01
        0.750000E+01        0.201693E+01       -0.110201E+01
        0.755000E+01        0.202793E+01       -0.109114E+01
        0.760000E+01        0.203892E+01       -0.108021E+01
        0.765000E+01        0.204989E+01       -0.106922E+01
        0.770000E+01        0.206084E+01       -0.105816E+01
        0.775000E+01        0.207177E+01       -0.104704E+01
        0.780000E+01        0.208268E+01       -0.103585E+01
        0.785000E+01        0.209357E+01       -0.102459E+01
        0.790000E+01        0.210444E+01       -0.101328E+01
        0.795000E+01        0.211529E+01       -0.100189E+01
        0.800000E+01        0.212612E+01       -0.990443E+00
        0.805000E+01        0.213693E+01       -0.978928E+00
        0.810000E+01        0.214773E+01       -0.967348E+00
        0.815000E+01        0.215851E+01       -0.955700E+00
        0.820000E+01        0.216926E+01       -0.943987E+00
        0.825000E+01        0.218000E+01       -0.932207E+00
        0.830000E+01        0.219072E+01       -0.920360E+00
        0.835000E+01        0.220143E+01       -0.908446E+00
        0.840000E+01        0.221211E+01       -0.896464E+00
        0.845000E+01        0.222278E+01       -0.884415E+00
        0.850000E+01        0.223343E+01       -0.872299E+00
        0.855000E+01        0.224407E+01       -0.860114E+00
        0.860000E+01        0.225468E+01       -0.847861E+00
        0.865000E+01        0.226528E+01       -0.835540E+00
        0.870000E+01        0.227586E+01       -0.823150E+00
        0.875000E+01        0.228643E+01       -0.810690E+00
        0.880000E+01        0.229697E+01       -0.798162E+00
        0.885000E+01        0.230751E+01       -0.785564E+00
        0.890000E+01        0.231802E+01       -0.772896E+00
        0.895000E+01        0.232852E+01       -0.760158E+00
        0.900000E+01        0.233900E+01       -0.747350E+00
        0.905000E+01        0.234947E+01       -0.734471E+00
        0.910000E+01        0.235991E+01       -0.721522E+00
        0.915000E+01        0.237035E+01       -0.708501E+00
        0.920000E+01        0.238077E+01       -0.695409E+00
        0.925000E+01        0.239117E+01       -0.682245E+00
        0.930000E+01        0.240155E+01       -0.669009E+00
        0.935000E+01        0.241193E+01       -0.655701E+00
        0.940000E+01        0.242228E+01       -0.642320E+00
        0.945000E+01        0.243262E+01       -0.628866E+00
        0.950000E+01        0.244295E+01       -0.615339E+00
        0.955000E+01        0.245326E+01       -0.601739E+00
        0.960000E+01        0.246355E+01       -0.588065E+00
        0.965000E+01        0.247383E+01       -0.574316E+00
        0.970000E+01        0.248410E+01       -0.560493E+00
        0.975000E+01        0.249435E+01       -0.546596E+00
        0.980000E+01        0.250459E+01       -0.532623E+00
        0.985000E+01        0.251481E+01       -0.518575E+00
        0.990000E+01        0.252502E+01       -0.504451E+00
        0.995000E+01        0.253521E+01       -0.490251E+00
        0.100000E+02        0.254539E+01       -0.475975E+00
        0.100500E+02        0.255556E+01       -0.461622E+00
        0.101000E+02        0.256571E+01       -0.447192E+00
        0.101500E+02        0.257585E+01       -0.432684E+00
        0.102000E+02        0.258597E+01       -0.418099E+00
        0.102500E+02        0.259608E+01       -0.403435E+00
        0.103000E+02        0.260618E+01       -0.388693E+00
        0.103500E+02        0.261627E+01       -0.373872E+00
        0.104000E+02        0.262634E+01       -0.358972E+00
        0.104500E+02        0.263640E+01       -0.343993E+00
        0.105000E+02        0.264644E+01       -0.328933E+00
        0.105500E+02        0.265647E+01       -0.313793E+00
        0.106000E+02        0.266649E+01       -0.298573E+00
        0.106500E+02        0.267650E+01       -0.283271E+00
        0.107000E+02        0.268649E+01       -0.267888E+00
        0.107500E+02        0.269648E+01       -0.252423E+00
        0.108000E+02        0.270645E+01       -0.236876E+00
        0.108500E+02        0.271640E+01       -0.221247E+00
        0.109000E+02        0.272635E+01       -0.205534E+00
        0.109500E+02        0.273628E+01       -0.189739E+00
        0.110000E+02        0.274620E+01       -0.173859E+00
        0.110500E+02        0.275611E+01       -0.157895E+00
        0.111000E+02        0.276600E+01       -0.141847E+00
        0.111500E+02        0.277589E+01       -0.125714E+00
        0.112000E+02        0.278576E+01       -0.109495E+00
        0.112500E+02        0.279562E+01       -0.931908E-01
        0.113000E+02        0.280547E+01       -0.768002E-01
        0.113500E+02        0.281531E+01       -0.603230E-01
        0.114000E+02        0.282514E+01       -0.437588E-01
        0.114500E+02        0.283495E+01       -0.271072E-01
        0.115000E+02        0.284476E+01       -0.103677E-01
        0.115500E+02        0.285455E+01        0.646006E-02
        0.116000E+02        0.286433E+01        0.233766E-01
        0.116500E+02        0.287411E+01        0.403822E-01
        0.117000E+02        0.288387E+01        0.574774E-01
        0.117500E+02        0.289362E+01        0.746627E-01
        0.118000E+02        0.290336E+01        0.919384E-01
        0.118500E+02        0.291309E+01        0.109305E+00
        0.119000E+02        0.292280E+01        0.126763E+00
        0.119500E+02        0.293251E+01        0.144313E+00
        0.120000E+02        0.294221E+01        0.161955E+00
        0.120500E+02        0.295190E+01        0.179690E+00
        0.121000E+02        0.296157E+01        0.197517E+00
        0.121500E+02        0.297124E+01        0.215439E+00
        0.122000E+02        0.298090E+01        0.233454E+00
        0.122500E+02        0.299055E+01        0.251565E+00
        0.123000E+02        0.300018E+01        0.269770E+00
        0.123500E+02        0.300981E+01        0.288070E+00
        0.124000E+02        0.301943E+01        0.306467E+00
        0.124500E+02        0.302904E+01        0.324960E+00
        0.125000E+02        0.303864E+01        0.343549E+00
        0.125500E+02        0.304823E+01        0.362236E+00
        0.126000E+02        0.305781E+01        0.381021E+00
        0.126500E+02        0.306738E+01        0.399905E+00
        0.127000E+02        0.307694E+01        0.418887E+00
        0.127500E+02        0.308649E+01        0.437968E+00
        0.128000E+02        0.309604E+01        0.457149E+00
        0.128500E+02        0.310557E+01        0.476431E+00
        0.129000E+02        0.311510E+01        0.495813E+00
        0.129500E+02        0.312462E+01        0.515296E+00
        0.130000E+02        0.313412E+01        0.534881E+00
        0.130500E+02        0.314362E+01        0.554569E+00
        0.131000E+02        0.315312E+01        0.574359E+00
        0.131500E+02        0.316260E+01        0.594252E+00
        0.132000E+02        0.317207E+01        0.614249E+00
        0.132500E+02        0.318154E+01        0.634350E+00
        0.133000E+02        0.319100E+01        0.654556E+00
        0.133500E+02        0.320045E+01        0.674868E+00
        0.134000E+02        0.320989E+01        0.695284E+00
        0.134500E+02        0.321932E+01        0.715808E+00
        0.135000E+02        0.322875E+01        0.736438E+00
        0.135500E+02        0.323816E+01        0.757175E+00
        0.136000E+02        0.324757E+01        0.778020E+00
        0.136500E+02        0.325697E+01        0.798974E+00
        0.137000E+02        0.326637E+01        0.820036E+00
        0.137500E+02        0.327575E+01        0.841207E+00
        0.138000E+02        0.328513E+01        0.862489E+00
        0.138500E+02        0.329450E+01        0.883881E+00
        0.139000E+02        0.330387E+01        0.905383E+00
        0.139500E+02        0.331323E+01        0.926998E+00
        0.140000E+02        0.332257E+01        0.948724E+00
        0.140500E+02        0.333192E+01        0.970562E+00
        0.141000E+02        0.334125E+01        0.992514E+00
        0.141500E+02        0.335058E+01        0.101458E+01
        0.142000E+02        0.335990E+01        0.103676E+01
        0.142500E+02        0.336921E+01        0.105905E+01
        0.143000E+02        0.337852E+01        0.108146E+01
        0.143500E+02        0.338782E+01        0.110399E+01
        0.144000E+02        0.339711E+01        0.112663E+01
        0.144500E+02        0.340640E+01        0.114938E+01
        0.145000E+02        0.341568E+01        0.117226E+01
        0.145500E+02        0.342495E+01        0.119525E+01
        0.146000E+02        0.343422E+01        0.121836E+01
        0.146500E+02        0.344348E+01        0.124159E+01
        0.147000E+02        0.345274E+01        0.126494E+01
        0.147500E+02        0.346198E+01        0.128841E+01
        0.148000E+02        0.347122E+01        0.131200E+01
        0.148500E+02        0.348046E+01        0.133571E+01
        0.149000E+02        0.348969E+01        0.135954E+01
        0.149500E+02        0.349891E+01        0.138349E+01
        0.150000E+02        0.350813E+01        0.140757E+01
