0.5
20
0.07053989		0.181080062
0.372126818		0.422556768
0.916582102		0.666909547
1.707306531		0.915352373
2.749199255		1.169539707
4.048925314		1.431354986
5.615174971		1.702981138
7.459017454		1.987015891
9.59439287		2.286635781
12.03880255		2.605834728
14.81429344		2.949783734
17.94889552		3.325395782
21.47878824		3.742255471
25.45170279		4.21423671
29.93255463		4.762518461
35.01343424		5.421726044
40.83305706		6.254012357
47.61999405		7.387314389
55.81079575		9.151328731
66.52441653		12.89338865
0 
1.0
2
3 1 1
2 1 1
mat3pp-2pp.txt
