         100
  0.10000000000000001     
  0.20000000000000001     
  0.30000000000000004     
  0.40000000000000002     
  0.50000000000000000     
  0.60000000000000009     
  0.70000000000000007     
  0.80000000000000004     
  0.90000000000000002     
   1.0000000000000000     
   1.1000000000000001     
   1.2000000000000002     
   1.3000000000000000     
   1.4000000000000001     
   1.5000000000000000     
   1.6000000000000001     
   1.7000000000000002     
   1.8000000000000000     
   1.9000000000000001     
   2.0000000000000000     
   2.1000000000000001     
   2.2000000000000002     
   2.3000000000000003     
   2.4000000000000004     
   2.5000000000000000     
   2.6000000000000001     
   2.7000000000000002     
   2.8000000000000003     
   2.9000000000000004     
   3.0000000000000000     
   3.1000000000000001     
   3.2000000000000002     
   3.3000000000000003     
   3.4000000000000004     
   3.5000000000000000     
   3.6000000000000001     
   3.7000000000000002     
   3.8000000000000003     
   3.9000000000000004     
   4.0000000000000000     
   4.1000000000000005     
   4.2000000000000002     
   4.2999999999999998     
   4.4000000000000004     
   4.5000000000000000     
   4.6000000000000005     
   4.7000000000000002     
   4.8000000000000007     
   4.9000000000000004     
   5.0000000000000000     
   5.1000000000000005     
   5.2000000000000002     
   5.3000000000000007     
   5.4000000000000004     
   5.5000000000000000     
   5.6000000000000005     
   5.7000000000000002     
   5.8000000000000007     
   5.9000000000000004     
   6.0000000000000000     
   6.1000000000000005     
   6.2000000000000002     
   6.3000000000000007     
   6.4000000000000004     
   6.5000000000000000     
   6.6000000000000005     
   6.7000000000000002     
   6.8000000000000007     
   6.9000000000000004     
   7.0000000000000000     
   7.1000000000000005     
   7.2000000000000002     
   7.3000000000000007     
   7.4000000000000004     
   7.5000000000000000     
   7.6000000000000005     
   7.7000000000000002     
   7.8000000000000007     
   7.9000000000000004     
   8.0000000000000000     
   8.0999999999999996     
   8.2000000000000011     
   8.3000000000000007     
   8.4000000000000004     
   8.5000000000000000     
   8.5999999999999996     
   8.7000000000000011     
   8.8000000000000007     
   8.9000000000000004     
   9.0000000000000000     
   9.0999999999999996     
   9.2000000000000011     
   9.3000000000000007     
   9.4000000000000004     
   9.5000000000000000     
   9.6000000000000014     
   9.7000000000000011     
   9.8000000000000007     
   9.9000000000000004     
   10.000000000000000     
