.1000E+00  0.5645419E+01
.2000E+00  0.2817695E+01
.3000E+00  0.1875830E+01
.4000E+00  0.1404899E+01
.5000E+00  0.1123222E+01
.6000E+00  0.9347172E+00
.7000E+00  0.8013451E+00
.8000E+00  0.7003980E+00
.9000E+00  0.6225156E+00
.1000E+01  0.5599339E+00
.1100E+01  0.5089448E+00
.1200E+01  0.4668098E+00
.1300E+01  0.4309807E+00
.1400E+01  0.4002737E+00
.1500E+01  0.3736748E+00
.1600E+01  0.3507192E+00
.1700E+01  0.3303068E+00
.1800E+01  0.3121218E+00
.1900E+01  0.2959830E+00
.2000E+01  0.2814533E+00
.2100E+01  0.2683485E+00
.2200E+01  0.2564974E+00
.2300E+01  0.2456516E+00
.2400E+01  0.2357424E+00
.2500E+01  0.2266278E+00
.2600E+01  0.2181927E+00
.2700E+01  0.2104153E+00
.2800E+01  0.2032217E+00
.2900E+01  0.1965056E+00
.3000E+01  0.1903073E+00
.3100E+01  0.1844803E+00
.3200E+01  0.1790204E+00
.3300E+01  0.1739236E+00
.3400E+01  0.1691021E+00
.3500E+01  0.1645377E+00
.3600E+01  0.1602780E+00
.3700E+01  0.1562081E+00
.3800E+01  0.1523989E+00
.3900E+01  0.1487699E+00
.4000E+01  0.1453424E+00
.4100E+01  0.1420697E+00
.4200E+01  0.1389718E+00
.4300E+01  0.1360234E+00
.4400E+01  0.1331944E+00
.4500E+01  0.1305234E+00
.4600E+01  0.1279414E+00
.4700E+01  0.1254552E+00
.4800E+01  0.1230962E+00
.4900E+01  0.1208285E+00
.5000E+01  0.1185959E+00
.5100E+01  0.1165717E+00
.5200E+01  0.1145334E+00
.5300E+01  0.1126444E+00
.5400E+01  0.1107883E+00
.5500E+01  0.1090369E+00
.5600E+01  0.1073172E+00
.5700E+01  0.1056586E+00
.5800E+01  0.1040434E+00
.5900E+01  0.1024847E+00
.6000E+01  0.1009826E+00
.6100E+01  0.9956383E-01
.6200E+01  0.9813034E-01
.6300E+01  0.9680720E-01
.6400E+01  0.9543615E-01
.6500E+01  0.9420071E-01
.6600E+01  0.9294243E-01
.6700E+01  0.9184659E-01
.6800E+01  0.9062350E-01
.6900E+01  0.8943735E-01
.7000E+01  0.8842905E-01
.7100E+01  0.8731594E-01
.7200E+01  0.8628192E-01
.7300E+01  0.8536408E-01
.7400E+01  0.8434752E-01
.7500E+01  0.8339984E-01
.7600E+01  0.8247944E-01
.7700E+01  0.8153333E-01
.7800E+01  0.8066682E-01
.7900E+01  0.7980978E-01
.8000E+01  0.7900495E-01
.8100E+01  0.7819339E-01
.8200E+01  0.7740414E-01
.8300E+01  0.7664983E-01
.8400E+01  0.7590197E-01
.8500E+01  0.7507147E-01
.8600E+01  0.7436407E-01
.8700E+01  0.7371775E-01
.8800E+01  0.7293368E-01
.8900E+01  0.7232175E-01
.9000E+01  0.7168322E-01
.9100E+01  0.7100982E-01
.9200E+01  0.7039147E-01
.9300E+01  0.6972123E-01
.9400E+01  0.6918315E-01
.9500E+01  0.6855896E-01
.9600E+01  0.6803235E-01
.9700E+01  0.6742352E-01
.9800E+01  0.6685599E-01
.9900E+01  0.6636820E-01
.1000E+02  0.6579966E-01
