         300
   5.0000000000000003E-002
  0.10000000000000001     
  0.15000000000000002     
  0.20000000000000001     
  0.25000000000000000     
  0.30000000000000004     
  0.35000000000000003     
  0.40000000000000002     
  0.45000000000000001     
  0.50000000000000000     
  0.55000000000000004     
  0.60000000000000009     
  0.65000000000000002     
  0.70000000000000007     
  0.75000000000000000     
  0.80000000000000004     
  0.85000000000000009     
  0.90000000000000002     
  0.95000000000000007     
   1.0000000000000000     
   1.0500000000000000     
   1.1000000000000001     
   1.1500000000000001     
   1.2000000000000002     
   1.2500000000000000     
   1.3000000000000000     
   1.3500000000000001     
   1.4000000000000001     
   1.4500000000000002     
   1.5000000000000000     
   1.5500000000000000     
   1.6000000000000001     
   1.6500000000000001     
   1.7000000000000002     
   1.7500000000000000     
   1.8000000000000000     
   1.8500000000000001     
   1.9000000000000001     
   1.9500000000000002     
   2.0000000000000000     
   2.0500000000000003     
   2.1000000000000001     
   2.1499999999999999     
   2.2000000000000002     
   2.2500000000000000     
   2.3000000000000003     
   2.3500000000000001     
   2.4000000000000004     
   2.4500000000000002     
   2.5000000000000000     
   2.5500000000000003     
   2.6000000000000001     
   2.6500000000000004     
   2.7000000000000002     
   2.7500000000000000     
   2.8000000000000003     
   2.8500000000000001     
   2.9000000000000004     
   2.9500000000000002     
   3.0000000000000000     
   3.0500000000000003     
   3.1000000000000001     
   3.1500000000000004     
   3.2000000000000002     
   3.2500000000000000     
   3.3000000000000003     
   3.3500000000000001     
   3.4000000000000004     
   3.4500000000000002     
   3.5000000000000000     
   3.5500000000000003     
   3.6000000000000001     
   3.6500000000000004     
   3.7000000000000002     
   3.7500000000000000     
   3.8000000000000003     
   3.8500000000000001     
   3.9000000000000004     
   3.9500000000000002     
   4.0000000000000000     
   4.0499999999999998     
   4.1000000000000005     
   4.1500000000000004     
   4.2000000000000002     
   4.2500000000000000     
   4.2999999999999998     
   4.3500000000000005     
   4.4000000000000004     
   4.4500000000000002     
   4.5000000000000000     
   4.5499999999999998     
   4.6000000000000005     
   4.6500000000000004     
   4.7000000000000002     
   4.7500000000000000     
   4.8000000000000007     
   4.8500000000000005     
   4.9000000000000004     
   4.9500000000000002     
   5.0000000000000000     
   5.0500000000000007     
   5.1000000000000005     
   5.1500000000000004     
   5.2000000000000002     
   5.2500000000000000     
   5.3000000000000007     
   5.3500000000000005     
   5.4000000000000004     
   5.4500000000000002     
   5.5000000000000000     
   5.5500000000000007     
   5.6000000000000005     
   5.6500000000000004     
   5.7000000000000002     
   5.7500000000000000     
   5.8000000000000007     
   5.8500000000000005     
   5.9000000000000004     
   5.9500000000000002     
   6.0000000000000000     
   6.0500000000000007     
   6.1000000000000005     
   6.1500000000000004     
   6.2000000000000002     
   6.2500000000000000     
   6.3000000000000007     
   6.3500000000000005     
   6.4000000000000004     
   6.4500000000000002     
   6.5000000000000000     
   6.5500000000000007     
   6.6000000000000005     
   6.6500000000000004     
   6.7000000000000002     
   6.7500000000000000     
   6.8000000000000007     
   6.8500000000000005     
   6.9000000000000004     
   6.9500000000000002     
   7.0000000000000000     
   7.0500000000000007     
   7.1000000000000005     
   7.1500000000000004     
   7.2000000000000002     
   7.2500000000000000     
   7.3000000000000007     
   7.3500000000000005     
   7.4000000000000004     
   7.4500000000000002     
   7.5000000000000000     
   7.5500000000000007     
   7.6000000000000005     
   7.6500000000000004     
   7.7000000000000002     
   7.7500000000000000     
   7.8000000000000007     
   7.8500000000000005     
   7.9000000000000004     
   7.9500000000000002     
   8.0000000000000000     
   8.0500000000000007     
   8.0999999999999996     
   8.1500000000000004     
   8.2000000000000011     
   8.2500000000000000     
   8.3000000000000007     
   8.3499999999999996     
   8.4000000000000004     
   8.4500000000000011     
   8.5000000000000000     
   8.5500000000000007     
   8.5999999999999996     
   8.6500000000000004     
   8.7000000000000011     
   8.7500000000000000     
   8.8000000000000007     
   8.8499999999999996     
   8.9000000000000004     
   8.9500000000000011     
   9.0000000000000000     
   9.0500000000000007     
   9.0999999999999996     
   9.1500000000000004     
   9.2000000000000011     
   9.2500000000000000     
   9.3000000000000007     
   9.3499999999999996     
   9.4000000000000004     
   9.4500000000000011     
   9.5000000000000000     
   9.5500000000000007     
   9.6000000000000014     
   9.6500000000000004     
   9.7000000000000011     
   9.7500000000000000     
   9.8000000000000007     
   9.8500000000000014     
   9.9000000000000004     
   9.9500000000000011     
   10.000000000000000     
   10.050000000000001     
   10.100000000000001     
   10.150000000000000     
   10.200000000000001     
   10.250000000000000     
   10.300000000000001     
   10.350000000000001     
   10.400000000000000     
   10.450000000000001     
   10.500000000000000     
   10.550000000000001     
   10.600000000000001     
   10.650000000000000     
   10.700000000000001     
   10.750000000000000     
   10.800000000000001     
   10.850000000000001     
   10.900000000000000     
   10.950000000000001     
   11.000000000000000     
   11.050000000000001     
   11.100000000000001     
   11.150000000000000     
   11.200000000000001     
   11.250000000000000     
   11.300000000000001     
   11.350000000000001     
   11.400000000000000     
   11.450000000000001     
   11.500000000000000     
   11.550000000000001     
   11.600000000000001     
   11.650000000000000     
   11.700000000000001     
   11.750000000000000     
   11.800000000000001     
   11.850000000000001     
   11.900000000000000     
   11.950000000000001     
   12.000000000000000     
   12.050000000000001     
   12.100000000000001     
   12.150000000000000     
   12.200000000000001     
   12.250000000000000     
   12.300000000000001     
   12.350000000000001     
   12.400000000000000     
   12.450000000000001     
   12.500000000000000     
   12.550000000000001     
   12.600000000000001     
   12.650000000000000     
   12.700000000000001     
   12.750000000000000     
   12.800000000000001     
   12.850000000000001     
   12.900000000000000     
   12.950000000000001     
   13.000000000000000     
   13.050000000000001     
   13.100000000000001     
   13.150000000000000     
   13.200000000000001     
   13.250000000000000     
   13.300000000000001     
   13.350000000000001     
   13.400000000000000     
   13.450000000000001     
   13.500000000000000     
   13.550000000000001     
   13.600000000000001     
   13.650000000000000     
   13.700000000000001     
   13.750000000000000     
   13.800000000000001     
   13.850000000000001     
   13.900000000000000     
   13.950000000000001     
   14.000000000000000     
   14.050000000000001     
   14.100000000000001     
   14.150000000000000     
   14.200000000000001     
   14.250000000000000     
   14.300000000000001     
   14.350000000000001     
   14.400000000000000     
   14.450000000000001     
   14.500000000000000     
   14.550000000000001     
   14.600000000000001     
   14.650000000000000     
   14.700000000000001     
   14.750000000000000     
   14.800000000000001     
   14.850000000000001     
   14.900000000000000     
   14.950000000000001     
   15.000000000000000     
